lineno,time,accurate,i,j,k,r,aX,aY,aZ,gX,gY,gZ,rx,ry,rz
0,1563477,3,0.11853,0.06207,-0.41431,0.90027,-0.79297,0.29688,-1.00781,-0.26562,-0.10156,0.01758,-0.84490,0.21155,0.16644
1,9766,3,0.11731,0.06201,-0.41449,0.90033,-0.99219,0.32031,-1.24609,-0.37891,-0.06836,0.12305,-0.84552,0.21046,0.16417
2,10742,3,0.11572,0.06226,-0.41418,0.90063,-1.00781,0.38672,-1.47656,-0.48633,-0.08398,0.18164,-0.84511,0.20954,0.16109
3,9765,3,0.11365,0.06274,-0.41351,0.90118,-1.08203,0.45703,-1.71484,-0.55469,-0.16797,0.17578,-0.84392,0.20859,0.15698
4,9766,3,0.11108,0.06317,-0.41266,0.90186,-1.17578,0.54297,-1.87500,-0.57812,-0.28516,0.13281,-0.84242,0.20711,0.15205
5,9766,3,0.10809,0.06323,-0.41199,0.90253,-1.34375,0.51953,-1.84375,-0.60742,-0.39258,0.11328,-0.84138,0.20464,0.14659
6,10742,3,0.10480,0.06287,-0.41150,0.90320,-1.30859,0.38281,-1.85938,-0.62305,-0.49219,0.10742,-0.84077,0.20116,0.14086
7,9766,3,0.10114,0.06207,-0.41107,0.90381,-1.46094,0.55469,-2.11328,-0.62109,-0.63867,0.09570,-0.84040,0.19663,0.13479
8,9765,3,0.10114,0.06207,-0.41107,0.90381,-1.93750,1.03125,-3.00391,-0.62695,-0.83398,0.05859,-0.84040,0.19663,0.13479
9,9766,3,0.09290,0.05872,-0.41071,0.90515,-2.39844,1.35938,-3.75391,-0.70117,-1.08984,0.02148,-0.84065,0.18362,0.12229
10,10742,3,0.08789,0.05566,-0.41083,0.90576,-2.82812,1.49219,-4.55078,-0.93750,-1.42578,0.03711,-0.84156,0.17393,0.11547
11,9766,3,0.08167,0.05170,-0.41101,0.90649,-3.24609,1.38672,-5.48828,-1.33789,-1.80859,0.12891,-0.84268,0.16156,0.10716
12,9765,3,0.07281,0.04645,-0.41107,0.90753,-3.87500,0.92188,-7.36328,-1.98242,-2.19531,0.31445,-0.84372,0.14467,0.09511
13,10742,3,0.06158,0.04089,-0.41046,0.90887,-4.21875,0.41797,-8.51562,-2.90234,-2.58008,0.65625,-0.84343,0.12522,0.07908
14,9766,3,0.04578,0.03491,-0.40845,0.91095,-4.37500,-0.12109,-9.69531,-4.03516,-2.92969,1.18555,-0.84021,0.10118,0.05519
15,9766,3,0.02515,0.02942,-0.40436,0.91376,-4.35547,-0.91016,-10.19531,-5.33789,-3.10352,1.85547,-0.83241,0.07417,0.02223
16,9765,3,-0.00293,0.02484,-0.39679,0.91754,-4.42969,-2.79688,-10.36328,-6.63086,-3.06641,2.58789,-0.81687,0.04328,-0.02512
17,10742,3,-0.03644,0.02258,-0.38556,0.92169,-4.60547,-3.16797,-9.95703,-7.50391,-2.98242,3.24023,-0.79297,0.01353,-0.08469
18,12696,3,-0.07489,0.02277,-0.37030,0.92560,-4.55078,-3.35938,-9.55469,-8.04883,-2.89062,3.70898,-0.76008,-0.01332,-0.15615
19,6836,3,-0.11389,0.02478,-0.35284,0.92841,-4.06250,-4.55859,-8.55859,-8.06250,-2.91016,4.03125,-0.72240,-0.03437,-0.23115
20,9765,3,-0.15625,0.02783,-0.33167,0.92993,-3.61328,-4.20703,-6.98828,-7.36914,-2.83984,4.12500,-0.67695,-0.05191,-0.31466
21,10743,3,-0.19769,0.03052,-0.30823,0.93005,-3.31641,-3.76172,-6.12500,-6.82812,-2.75586,4.03711,-0.62690,-0.06515,-0.39776
22,9765,3,-0.23389,0.03253,-0.28540,0.92883,-2.47656,-3.96484,-6.08203,-6.77539,-2.74805,3.87500,-0.57864,-0.07314,-0.47158
23,9766,3,-0.26862,0.03406,-0.26245,0.92615,-1.05859,-5.31641,-5.39453,-6.77539,-2.82227,3.63672,-0.53054,-0.07800,-0.54338
24,10742,3,-0.30310,0.03516,-0.23987,0.92163,-0.31641,-5.31250,-5.03906,-6.80469,-3.07031,3.42578,-0.48357,-0.08069,-0.61555
25,8789,3,-0.30310,0.03516,-0.23987,0.92163,0.58594,-5.82422,-4.87109,-7.02344,-3.35156,3.25391,-0.48357,-0.08069,-0.61555
26,10742,3,-0.37036,0.03357,-0.19641,0.90723,2.10156,-7.51562,-3.39062,-7.20117,-3.46094,3.08984,-0.39265,-0.08468,-0.75832
27,9766,3,-0.40594,0.03101,-0.17389,0.89667,2.89844,-7.83984,-2.09375,-7.04492,-3.50586,2.97461,-0.34506,-0.08568,-0.83530
28,10742,3,-0.44037,0.02777,-0.15186,0.88446,3.98047,-8.21484,-0.91797,-6.43750,-3.50000,2.76758,-0.29854,-0.08472,-0.91118
29,9766,3,-0.47052,0.02399,-0.13159,0.87219,5.16016,-8.32812,0.17969,-5.27734,-3.40625,2.35742,-0.25575,-0.08208,-0.97888
30,9765,3,-0.49860,0.01874,-0.11090,0.85950,6.73047,-8.53906,0.77734,-4.10352,-3.40234,1.90625,-0.21155,-0.07846,-1.04299
31,10742,3,-0.52045,0.01202,-0.09265,0.84875,6.98438,-8.83984,0.55859,-3.83008,-4.27148,1.54688,-0.17112,-0.07610,-1.09359
32,12696,3,-0.53876,0.00220,-0.07513,0.83911,7.42969,-9.69531,-0.49219,-2.75000,-4.63867,0.66797,-0.12920,-0.07735,-1.13654
33,6836,3,-0.55353,-0.01178,-0.05896,0.83069,9.00781,-9.83203,0.15625,-3.05664,-4.22461,1.27539,-0.08532,-0.08494,-1.17194
34,9765,3,-0.56659,-0.02643,-0.04297,0.82245,8.54688,-11.48438,0.33984,-3.35742,-3.67578,1.35352,-0.04092,-0.09229,-1.20459
35,10743,3,-0.58124,-0.03876,-0.02606,0.81238,8.37500,-11.08203,1.82422,-3.21680,-2.94141,1.21484,0.00272,-0.09341,-1.24220
36,9765,3,-0.58124,-0.03876,-0.02606,0.81238,9.46484,-11.43359,4.02734,-2.89844,-2.16797,1.08984,0.00272,-0.09341,-1.24220
37,9766,3,-0.60742,-0.05396,0.00055,0.79254,10.42188,-10.76562,7.75000,-2.35156,-1.29102,0.90039,0.06671,-0.08496,-1.31069
38,9765,3,-0.61768,-0.05713,0.00946,0.78430,10.51562,-9.91797,9.50391,-1.27539,-0.29102,0.61328,0.08578,-0.07800,-1.33755
39,9766,3,-0.62488,-0.05792,0.01434,0.77844,10.44922,-8.91406,11.02344,0.02930,0.62305,0.30078,0.09511,-0.07232,-1.35625
40,10742,3,-0.62488,-0.05792,0.01434,0.77844,9.11719,-7.16797,11.72266,1.46680,1.28320,-0.10352,0.09511,-0.07232,-1.35625
41,9766,3,-0.62451,-0.05164,0.01312,0.77917,8.21875,-6.30078,10.68359,2.80469,1.69922,-0.55273,0.08522,-0.06412,-1.35405
42,9765,3,-0.61615,-0.04669,0.00781,0.78619,7.18750,-5.61328,9.02734,3.77930,1.93555,-0.97070,0.07002,-0.06383,-1.33170
43,9766,3,-0.60297,-0.04169,0.00006,0.79669,6.31250,-5.03906,7.13672,4.37500,1.93750,-1.41602,0.05050,-0.06640,-1.29740
44,10742,3,-0.58685,-0.03766,-0.00934,0.80878,4.91797,-4.12500,3.61328,4.78125,1.67383,-1.87109,0.02917,-0.07194,-1.25646
45,9766,3,-0.56696,-0.03522,-0.02081,0.82275,4.34766,-3.70312,2.23828,5.13477,1.33789,-2.42969,0.00570,-0.08164,-1.20697
46,9766,3,-0.54572,-0.03552,-0.03302,0.83655,3.63281,-3.56250,1.12891,5.16211,1.07031,-2.83984,-0.01655,-0.09562,-1.15525
47,9765,3,-0.52393,-0.03851,-0.04584,0.84967,3.03125,-4.01953,0.59766,5.06445,0.94531,-3.14844,-0.03779,-0.11372,-1.10295
48,10742,3,-0.50043,-0.04352,-0.06042,0.86255,2.31250,-4.21484,0.40625,5.14258,1.00781,-3.39453,-0.06129,-0.13597,-1.04725
49,9766,3,-0.47705,-0.04913,-0.07568,0.87421,2.35547,-4.13672,0.30469,5.38867,1.21289,-3.63672,-0.08665,-0.15879,-0.99217
50,10742,3,-0.45239,-0.05475,-0.09210,0.88538,2.39844,-4.25391,-0.06641,5.50000,1.41016,-3.80273,-0.11570,-0.18126,-0.93423
51,8789,3,-0.42719,-0.05988,-0.10907,0.89557,3.15234,-4.16797,-1.09766,5.64062,1.65430,-3.91992,-0.14772,-0.20180,-0.87517
52,10742,3,-0.39935,-0.06445,-0.12793,0.90552,3.26953,-3.80078,-1.89062,5.96875,1.81055,-4.18945,-0.18576,-0.22070,-0.81008
53,9766,3,-0.36969,-0.06860,-0.14783,0.91473,3.11328,-3.41016,-2.94141,6.04102,1.77539,-4.55273,-0.22802,-0.23703,-0.74089
54,10742,3,-0.33899,-0.07300,-0.16870,0.92267,2.92578,-3.33594,-4.27344,5.50781,1.59375,-4.87109,-0.27374,-0.25173,-0.66933
55,8789,3,-0.31036,-0.07788,-0.18970,0.92822,3.21484,-2.56641,-5.89844,4.66992,1.39648,-5.11523,-0.32030,-0.26545,-0.60223
56,10742,3,-0.28235,-0.08374,-0.21350,0.93152,3.25781,-2.23047,-6.23828,3.97461,1.21289,-5.39648,-0.37329,-0.28022,-0.53535
57,9766,3,-0.25787,-0.08984,-0.23810,0.93207,3.11719,-1.78125,-6.09766,3.50781,1.00000,-5.68750,-0.42837,-0.29452,-0.47532
58,9766,3,-0.23682,-0.09619,-0.26270,0.93042,2.71094,-1.29297,-4.90625,3.06055,0.88672,-5.91406,-0.48385,-0.30827,-0.42183
59,9765,3,-0.21790,-0.10278,-0.28790,0.92688,2.23828,-1.51562,-4.55078,2.52930,0.83984,-5.95117,-0.54135,-0.32150,-0.37186
60,10743,3,-0.19989,-0.10950,-0.31531,0.92120,1.80859,-1.72266,-4.25391,1.99023,0.95703,-5.84961,-0.60477,-0.33397,-0.32228
61,9765,3,-0.18445,-0.11493,-0.34192,0.91425,1.30078,-2.00781,-3.89453,1.61523,1.12305,-5.63477,-0.66728,-0.34297,-0.27825
62,9766,3,-0.17096,-0.11853,-0.36768,0.90637,0.51953,-1.32422,-3.12500,1.61914,1.13281,-5.39062,-0.72856,-0.34754,-0.23919
63,10742,3,-0.15802,-0.12115,-0.39240,0.89801,0.12109,-0.93359,-2.62500,1.89258,1.12305,-5.29297,-0.78820,-0.34861,-0.20217
64,9766,3,-0.14453,-0.12378,-0.41559,0.88940,-0.49219,-0.96875,-2.88672,2.01562,0.96875,-5.22656,-0.84528,-0.34726,-0.16475
65,9765,3,-0.13098,-0.12683,-0.43683,0.88086,-1.11328,-0.84766,-3.71875,1.77148,0.60742,-5.07227,-0.89847,-0.34467,-0.12779
66,9766,3,-0.11700,-0.13104,-0.45911,0.87085,-1.94922,-0.47656,-5.21094,1.29883,0.23047,-4.87305,-0.95499,-0.34231,-0.08872
67,10742,3,-0.10583,-0.13574,-0.47974,0.86035,-2.21484,-0.49219,-5.78125,0.75781,-0.13281,-4.67578,-1.00782,-0.34174,-0.05508
68,9766,3,-0.10583,-0.13574,-0.47974,0.86035,-2.46875,-0.32812,-6.05469,0.21875,-0.54297,-4.54297,-1.00782,-0.34174,-0.05508
69,9765,3,-0.09357,-0.14526,-0.51703,0.83832,-2.80859,-0.13281,-6.88281,-0.38672,-0.94336,-4.44922,-1.10404,-0.34726,-0.00709
70,10742,3,-0.09247,-0.15033,-0.53540,0.82599,-3.03906,-0.51953,-7.12891,-1.21484,-1.32227,-4.32812,-1.15178,-0.35473,0.00876
71,9766,3,-0.09552,-0.15503,-0.55359,0.81262,-3.17969,-0.86719,-7.57812,-2.32812,-1.64453,-4.12109,-1.19929,-0.36583,0.01757
72,9766,3,-0.10352,-0.15820,-0.57111,0.79883,-2.81250,-2.01562,-8.79688,-3.54297,-1.92188,-3.86133,-1.24452,-0.38006,0.01650
73,9765,3,-0.11639,-0.15894,-0.58710,0.78516,-2.96875,-2.96875,-9.14844,-5.27539,-1.97461,-3.55664,-1.28495,-0.39658,0.00417
74,10743,3,-0.11639,-0.15894,-0.58710,0.78516,-4.07422,-3.97656,-9.22266,-7.14844,-1.77930,-2.95312,-1.28495,-0.39658,0.00417
75,8789,3,-0.16431,-0.14618,-0.61963,0.75348,-5.10547,-4.54297,-8.23047,-8.17188,-1.39258,-2.17383,-1.36011,-0.43773,-0.07343
76,12695,3,-0.19501,-0.13104,-0.63239,0.73822,-6.18359,-5.60547,-5.21875,-8.23242,-1.02930,-1.49023,-1.38498,-0.45569,-0.13647
77,7812,3,-0.22784,-0.11121,-0.64258,0.72308,-6.74219,-5.69141,-4.01172,-7.72461,-1.02344,-0.85352,-1.40227,-0.47082,-0.21092
78,10743,3,-0.25867,-0.09088,-0.64929,0.70941,-6.84375,-5.65625,-3.51562,-7.05664,-1.30469,-0.13086,-1.41163,-0.48345,-0.28506
79,9765,3,-0.28992,-0.07056,-0.65240,0.69666,-7.23828,-5.64453,-3.01172,-6.49609,-0.92773,0.42969,-1.41228,-0.49678,-0.36267
80,9766,3,-0.31702,-0.05219,-0.65216,0.68665,-7.69922,-6.96875,-1.50781,-5.81445,-0.87695,0.92969,-1.40543,-0.50653,-0.43347
81,10742,3,-0.34119,-0.03412,-0.64954,0.67859,-7.50781,-7.04297,-0.87891,-4.96484,-0.92578,1.51758,-1.39344,-0.51158,-0.50092
82,11719,3,-0.36230,-0.01776,-0.64447,0.67310,-7.25000,-7.19531,-0.24609,-4.06055,-1.10547,2.23242,-1.37596,-0.51313,-0.56281
83,7812,3,-0.38025,-0.00372,-0.63672,0.67078,-7.08594,-6.91016,-0.21875,-3.33008,-1.75977,2.50781,-1.35222,-0.51122,-0.61811
84,9766,3,-0.39777,0.00812,-0.62549,0.67114,-6.47266,-6.29688,-0.71094,-2.64258,-2.53906,2.48242,-1.31933,-0.50833,-0.67238
85,10742,3,-0.41443,0.01526,-0.61243,0.67297,-5.94531,-6.70703,-0.35938,-2.53320,-3.20703,2.73828,-1.28124,-0.50877,-0.72099
86,11719,3,-0.43170,0.01892,-0.59729,0.67566,-5.73828,-7.52734,0.23438,-2.42773,-3.71875,3.25391,-1.23677,-0.51225,-0.76870
87,7812,3,-0.44910,0.02100,-0.58014,0.67920,-5.41797,-8.15625,2.19531,-2.00195,-4.12695,3.80469,-1.18684,-0.51502,-0.81682
88,10743,3,-0.46747,0.02197,-0.55890,0.68457,-4.59766,-8.02344,3.60156,-1.34570,-4.41602,4.33008,-1.12623,-0.51490,-0.86885
89,9765,3,-0.48517,0.02155,-0.53357,0.69244,-3.51562,-7.90234,5.11719,-0.43164,-4.48828,4.77734,-1.05611,-0.50967,-0.92074
90,9766,3,-0.49933,0.01959,-0.50684,0.70245,-1.46875,-7.06250,6.89453,0.96875,-4.35938,5.14062,-0.98492,-0.49907,-0.96413
91,9765,3,-0.50897,0.01575,-0.47766,0.71588,-0.42578,-6.38281,7.08203,2.51758,-4.15820,5.34570,-0.91087,-0.48218,-0.99641
92,9766,3,-0.51221,0.00977,-0.44818,0.73260,0.99609,-5.57422,6.86719,3.88477,-3.84570,5.41602,-0.83957,-0.46095,-1.01163
93,10742,3,-0.50879,0.00171,-0.41785,0.75269,2.44141,-5.38281,6.18359,5.04688,-3.44141,5.22070,-0.76975,-0.43633,-1.00970
94,9766,3,-0.49902,-0.00787,-0.38812,0.77478,4.85938,-4.80859,5.41406,5.86719,-2.99609,4.65039,-0.70428,-0.41104,-0.99151
95,9765,3,-0.48468,-0.01801,-0.36194,0.79608,6.09766,-4.84766,5.37109,6.43164,-2.31055,4.14258,-0.64852,-0.38928,-0.96145
96,10743,3,-0.46472,-0.02911,-0.33691,0.81836,7.58594,-5.51562,5.30078,6.73828,-1.25977,3.73828,-0.59707,-0.36910,-0.91815
97,9765,3,-0.44049,-0.03839,-0.31512,0.83978,10.45703,-5.11719,3.69922,6.60938,-0.15625,3.25195,-0.55535,-0.34913,-0.86570
98,11719,3,-0.41357,-0.04413,-0.29736,0.85938,11.69531,-4.34766,1.82812,6.43164,0.61914,2.55859,-0.52509,-0.32766,-0.80827
99,7813,3,-0.38696,-0.04657,-0.28461,0.87585,11.74219,-3.52734,0.03516,6.63867,1.06641,1.57227,-0.50650,-0.30661,-0.75211
100,9765,3,-0.35712,-0.04803,-0.27563,0.89117,11.15625,-2.66797,-1.55078,7.08984,1.15625,0.39062,-0.49652,-0.28638,-0.68920
101,10742,3,-0.32495,-0.05066,-0.27167,0.90448,8.16406,-1.51172,-3.98047,6.97070,1.00000,-0.66602,-0.49602,-0.27151,-0.62067
102,9766,3,-0.29059,-0.05560,-0.27228,0.91559,6.90234,-1.50781,-5.26562,6.30664,0.80664,-1.17969,-0.50397,-0.26309,-0.54654
103,10742,3,-0.25824,-0.06177,-0.27606,0.92371,5.93750,-1.25391,-5.67969,5.44141,0.52344,-1.35156,-0.51749,-0.25961,-0.47614
104,9766,3,-0.25824,-0.06177,-0.27606,0.92371,5.63672,-0.90234,-5.36328,4.49219,0.37305,-1.33398,-0.51749,-0.25961,-0.47614
105,9765,3,-0.20636,-0.07446,-0.28613,0.93274,4.85547,-0.28125,-4.28516,3.56250,0.39648,-1.26562,-0.54746,-0.25992,-0.36211
106,9766,3,-0.18591,-0.07983,-0.29144,0.93494,4.04297,0.00000,-4.16406,2.70312,0.43359,-1.18164,-0.56249,-0.26059,-0.31690
107,9766,3,-0.16974,-0.08362,-0.29657,0.93610,3.23828,0.06250,-3.91406,2.05273,0.60742,-1.06641,-0.57660,-0.26014,-0.28121
108,10742,3,-0.15796,-0.08551,-0.30127,0.93646,1.49219,0.05859,-2.03125,1.78516,1.08008,-0.88281,-0.58916,-0.25819,-0.25547
109,9765,3,-0.14673,-0.08514,-0.30609,0.93677,0.70703,-0.34375,-0.57812,1.82227,1.69922,-0.64062,-0.60210,-0.25200,-0.23212
110,9766,3,-0.13593,-0.08191,-0.31006,0.93738,0.04688,-0.60938,0.11719,1.95312,2.14258,-0.45312,-0.61326,-0.24015,-0.21164
111,9766,3,-0.12421,-0.07635,-0.31323,0.93842,-0.23828,-0.56641,0.00781,1.94336,2.43750,-0.30469,-0.62286,-0.22296,-0.19115
112,10742,3,-0.11121,-0.06879,-0.31586,0.93976,-0.71875,-0.37109,-0.73438,1.61914,2.64648,-0.11914,-0.63133,-0.20088,-0.16977
113,9766,3,-0.09839,-0.05945,-0.31787,0.94116,-0.62891,-0.28906,-0.95703,1.12500,2.71094,-0.11719,-0.63820,-0.17534,-0.15026
114,9765,3,-0.08752,-0.04895,-0.31946,0.94226,-0.60156,0.23047,-1.25781,0.73828,2.84766,-0.20703,-0.64363,-0.14872,-0.13558
115,9766,3,-0.07880,-0.03760,-0.32135,0.94293,-0.83984,0.64062,-1.95703,1.21875,2.67578,-0.33008,-0.64923,-0.12185,-0.12569
116,10742,3,-0.06946,-0.02600,-0.32367,0.94324,-1.41016,0.88281,-3.18359,1.42969,2.07031,-0.59375,-0.65569,-0.09416,-0.11497
117,9766,3,-0.05939,-0.01709,-0.32666,0.94312,-1.75781,1.05859,-3.14453,1.00391,1.50000,-0.75977,-0.66326,-0.07109,-0.10128
118,10742,3,-0.05939,-0.01709,-0.32666,0.94312,-1.73828,0.51172,-2.66406,0.63281,1.15039,-0.71289,-0.66326,-0.07109,-0.10128
119,8789,3,-0.04474,-0.00629,-0.33423,0.94141,-1.23828,-0.52344,-1.86719,0.53711,0.89648,-0.51562,-0.68062,-0.04175,-0.08019
