lineno,time,accurate,i,j,k,r,aX,aY,aZ,gX,gY,gZ,rx,ry,rz
0,1192383,2,-0.21124,0.28876,-0.81372,0.45813,1.28906,0.69922,1.22266,-0.09961,0.38867,-0.39062,-2.08581,-0.07929,-0.72825
1,9766,2,-0.21069,0.28973,-0.81451,0.45630,1.41016,0.70703,1.42188,0.06055,0.51172,-0.65234,-2.09017,-0.07890,-0.72930
2,10742,2,-0.20966,0.29028,-0.81616,0.45349,1.17969,0.62109,1.46094,0.22656,0.55078,-0.91211,-2.09711,-0.07903,-0.72893
3,8789,2,-0.20831,0.29004,-0.81873,0.44965,0.86719,0.40625,1.43750,0.32617,0.56055,-1.06641,-2.10656,-0.08036,-0.72669
4,10742,2,-0.20691,0.28918,-0.82178,0.44531,0.34375,-0.34375,1.80469,0.40820,0.58203,-1.12695,-2.11715,-0.08260,-0.72320
5,9766,2,-0.20532,0.28772,-0.82538,0.44019,0.16016,-0.73047,2.11719,0.50000,0.62500,-1.11719,-2.12950,-0.08575,-0.71838
6,10742,2,-0.20337,0.28601,-0.82922,0.43506,0.06250,-1.07422,2.42188,0.63477,0.71680,-1.03711,-2.14227,-0.08853,-0.71262
7,9766,2,-0.20093,0.28400,-0.83307,0.43018,-0.04688,-1.55078,2.72266,0.83594,0.89062,-0.90039,-2.15490,-0.09055,-0.70581
8,9765,2,-0.19733,0.28162,-0.83698,0.42572,-0.19922,-2.64844,3.47266,1.11523,1.14648,-0.70703,-2.16755,-0.09066,-0.69717
9,10742,2,-0.19214,0.27893,-0.84106,0.42181,-0.32422,-3.19141,3.74609,1.43555,1.41992,-0.46875,-2.18040,-0.08800,-0.68635
10,8790,2,-0.18481,0.27563,-0.84528,0.41876,-0.52734,-3.71484,3.88281,1.80859,1.70898,-0.15039,-2.19309,-0.08168,-0.67238
11,10742,2,-0.17548,0.27185,-0.84943,0.41681,-1.23047,-4.53125,4.07031,2.23633,2.02148,0.31055,-2.20490,-0.07155,-0.65569
12,9765,2,-0.16333,0.26721,-0.85352,0.41638,-1.23438,-4.91797,3.87109,2.66992,2.31250,0.91406,-2.21533,-0.05632,-0.63494
13,10743,2,-0.14783,0.26160,-0.85730,0.41809,-1.25391,-4.99609,3.32031,3.08008,2.58203,1.52930,-2.22318,-0.03473,-0.60950
14,9765,2,-0.12927,0.25507,-0.86017,0.42224,-1.05078,-4.65625,2.53906,3.41602,2.76367,1.91016,-2.22685,-0.00699,-0.57998
15,9766,2,-0.10870,0.24780,-0.86218,0.42822,-1.04297,-2.82422,-0.04688,3.53320,2.76562,2.21289,-2.22659,0.02479,-0.54753
16,10742,2,-0.08643,0.23962,-0.86334,0.43555,-1.39062,-2.14062,-1.63672,3.41992,2.53516,2.17578,-2.22272,0.05954,-0.51201
17,9766,2,-0.06494,0.23132,-0.86365,0.44318,-1.93359,-1.30078,-3.34766,3.18750,2.09180,1.90625,-2.21600,0.09299,-0.47698
18,9765,2,-0.04584,0.22302,-0.86346,0.45007,-2.83203,0.26953,-5.69531,2.88086,1.51758,1.67188,-2.20815,0.12190,-0.44405
19,9766,2,-0.02893,0.21417,-0.86310,0.45648,-3.12891,0.54688,-6.44922,2.47461,0.86719,1.53125,-2.19919,0.14611,-0.41192
20,10742,2,-0.01556,0.20532,-0.86230,0.46265,-3.10156,0.46484,-7.03125,2.02148,0.29297,1.38086,-2.18854,0.16387,-0.38278
21,9766,2,-0.00635,0.19702,-0.86121,0.46844,-2.92188,0.42188,-7.33203,1.53906,-0.20312,1.29102,-2.17692,0.17454,-0.35825
22,9765,2,-0.00061,0.18939,-0.85980,0.47424,-2.60156,0.39453,-7.24219,1.10352,-0.66016,1.31641,-2.16421,0.17954,-0.33797
23,9766,2,0.00189,0.18274,-0.85791,0.48022,-2.63672,0.51562,-7.25000,0.67383,-1.05273,1.43164,-2.15028,0.17972,-0.32238
24,10742,2,0.00159,0.17682,-0.85541,0.48688,-2.44922,0.41406,-7.21875,0.11914,-1.36914,1.66992,-2.13429,0.17579,-0.31063
25,9766,2,-0.00122,0.17218,-0.85193,0.49457,-1.74219,-0.07031,-6.89844,-0.45117,-1.63281,1.99609,-2.11554,0.16903,-0.30346
26,9765,2,-0.00641,0.16919,-0.84723,0.50354,-1.17969,0.10547,-6.83984,-0.88477,-1.91797,2.26562,-2.09349,0.16021,-0.30148
27,9766,2,-0.01385,0.16760,-0.84113,0.51404,-0.58203,0.64453,-6.88281,-1.19336,-2.27344,2.38477,-2.06743,0.14956,-0.30420
28,9766,2,-0.02338,0.16669,-0.83398,0.52545,-0.25000,1.24219,-7.06641,-1.59180,-2.69141,2.34961,-2.03856,0.13661,-0.31041
29,10742,2,-0.03497,0.16626,-0.82648,0.53674,0.75391,1.63281,-7.28125,-2.11914,-3.14844,2.25586,-2.00919,0.12096,-0.32009
30,9765,2,-0.05023,0.16644,-0.81799,0.54834,1.32422,1.86719,-7.67969,-2.84766,-3.60742,2.09766,-1.97753,0.10052,-0.33529
31,9766,2,-0.06915,0.16791,-0.80878,0.55939,1.87891,2.07812,-7.57812,-3.66797,-3.92969,1.92773,-1.94515,0.07607,-0.35754
32,10742,2,-0.09259,0.17126,-0.79846,0.56970,2.67578,2.45312,-7.39453,-4.44336,-4.10742,1.72266,-1.91146,0.04730,-0.38917
33,9766,2,-0.11865,0.17682,-0.78754,0.57831,5.51953,3.39453,-7.58984,-5.26953,-4.20312,1.29297,-1.87864,0.01763,-0.42883
34,9765,2,-0.14624,0.18439,-0.77655,0.58447,6.42188,3.72266,-7.26953,-6.15820,-4.14062,0.64062,-1.84839,-0.01159,-0.47500
35,9766,2,-0.17902,0.19525,-0.76459,0.58759,7.08594,3.70312,-6.66797,-6.65430,-3.90234,-0.19141,-1.81899,-0.04431,-0.53453
36,10742,2,-0.21222,0.20776,-0.75372,0.58624,7.35156,2.38672,-6.18750,-6.73047,-3.77344,-0.87891,-1.79589,-0.07638,-0.59882
37,10742,2,-0.24805,0.22156,-0.74329,0.58044,7.88672,2.27344,-5.69531,-6.75586,-3.74219,-1.28320,-1.77664,-0.11177,-0.67026
38,8790,2,-0.28094,0.23364,-0.73419,0.57227,8.05078,1.93359,-5.46484,-6.97266,-3.75781,-1.71875,-1.76115,-0.14563,-0.73651
39,9765,2,-0.31671,0.24609,-0.72437,0.56073,7.78906,1.70312,-4.64844,-7.09570,-3.59180,-2.01367,-1.74515,-0.18388,-0.80946
40,10742,2,-0.35291,0.25854,-0.71417,0.54645,8.21094,0.13281,-2.73828,-7.13477,-3.02344,-2.22656,-1.72911,-0.22335,-0.88542
41,9766,2,-0.38660,0.27100,-0.70435,0.53009,7.74609,-0.12109,-1.61328,-7.22461,-2.50977,-2.44141,-1.71523,-0.26022,-0.96001
42,9766,2,-0.41675,0.28357,-0.69531,0.51227,7.88281,-0.45312,-0.71875,-6.97070,-2.08594,-2.79688,-1.70467,-0.29321,-1.03127
43,9765,2,-0.44714,0.29712,-0.68634,0.49060,8.58984,-1.62891,1.78906,-6.19336,-1.70117,-3.49414,-1.69654,-0.32812,-1.10692
44,10742,2,-0.47479,0.30804,-0.67938,0.46698,8.81250,-3.05078,4.19922,-5.07617,-1.65039,-4.40430,-1.69204,-0.36553,-1.17586
45,9766,2,-0.49927,0.31372,-0.67554,0.44269,9.27344,-5.42188,7.10547,-3.99805,-1.57031,-4.92188,-1.69041,-0.40801,-1.23251
46,9766,2,-0.52185,0.31366,-0.67432,0.41779,9.62500,-8.71875,10.82422,-2.81641,-0.52344,-4.56445,-1.68947,-0.45751,-1.27846
47,10742,2,-0.54004,0.31036,-0.67590,0.39392,10.41406,-13.88672,18.32422,-1.32617,1.08203,-3.68945,-1.69276,-0.50695,-1.31162
48,9765,2,-0.54901,0.30688,-0.68109,0.37482,9.67969,-15.10547,18.16406,0.08984,2.66797,-2.60156,-1.70701,-0.54430,-1.32425
49,9766,2,-0.54852,0.30377,-0.69128,0.35919,9.03125,-15.57031,16.24219,1.21094,4.00781,-1.60352,-1.73822,-0.57058,-1.31403
50,9766,2,-0.53876,0.30164,-0.70526,0.34839,7.12891,-13.05859,9.09766,1.87305,4.75977,-0.96875,-1.78399,-0.58206,-1.28247
51,9765,2,-0.52216,0.30023,-0.72168,0.34119,6.55469,-11.43750,5.24219,2.07617,4.95312,-0.66016,-1.83946,-0.58090,-1.23630
52,10743,2,-0.50232,0.29919,-0.73846,0.33600,5.05469,-9.81641,1.60938,1.93164,4.65234,-0.51172,-1.89708,-0.57138,-1.18521
53,12695,2,-0.48181,0.29828,-0.75433,0.33154,3.36328,-8.37500,-0.83203,1.80469,4.25391,-0.39453,-1.95227,-0.55752,-1.13552
54,6836,2,-0.46344,0.29742,-0.76770,0.32776,1.10547,-6.66406,-1.61328,1.82812,3.79492,-0.27539,-1.99909,-0.54286,-1.09323
55,10742,2,-0.44513,0.29620,-0.78021,0.32458,0.51172,-6.37109,-1.42969,1.89453,3.35156,-0.10742,-2.04259,-0.52628,-1.05268
56,9766,2,-0.42786,0.29413,-0.79144,0.32251,0.19922,-6.34375,-0.71484,1.96094,3.02539,0.09375,-2.08028,-0.50928,-1.01477
57,9765,2,-0.41205,0.29156,-0.80103,0.32190,-0.00391,-6.16016,0.93359,2.03516,2.80273,0.29883,-2.11089,-0.49200,-0.98070
58,9766,2,-0.39661,0.28857,-0.80957,0.32245,0.07422,-6.21875,1.71875,2.15820,2.71680,0.53125,-2.13706,-0.47359,-0.94838
59,10742,2,-0.38153,0.28528,-0.81726,0.32428,0.16797,-6.22656,2.44922,2.36523,2.72852,0.76562,-2.15888,-0.45403,-0.91766
60,9766,2,-0.36572,0.28162,-0.82452,0.32727,0.25000,-6.16797,2.92578,2.68555,2.75781,0.97070,-2.17820,-0.43208,-0.88672
61,11718,2,-0.34955,0.27734,-0.83130,0.33142,0.11719,-5.76953,3.45703,3.14648,2.82617,1.13867,-2.19448,-0.40860,-0.85558
62,7813,2,-0.33148,0.27161,-0.83838,0.33698,0.23438,-5.48047,3.17188,3.60938,2.86328,1.20898,-2.20947,-0.38195,-0.82049
63,10742,2,-0.31146,0.26379,-0.84570,0.34375,0.58594,-5.27734,2.74609,3.96094,2.89453,1.25391,-2.22310,-0.35273,-0.78052
64,9766,2,-0.29089,0.25446,-0.85291,0.35101,1.00391,-5.29688,2.39453,4.22656,3.01562,1.31836,-2.23477,-0.32316,-0.73839
65,12695,2,-0.26935,0.24396,-0.85986,0.35858,1.49219,-5.20312,2.31250,4.41797,3.21484,1.40625,-2.24496,-0.29239,-0.69431
66,7813,2,-0.24756,0.23322,-0.86627,0.36597,1.90625,-5.19922,2.05078,4.67578,3.47461,1.49414,-2.25360,-0.26116,-0.65074
67,9765,2,-0.22302,0.22131,-0.87268,0.37378,2.32422,-5.44531,1.63281,5.08984,3.78516,1.64844,-2.26174,-0.22572,-0.60333
68,9766,2,-0.19531,0.20801,-0.87897,0.38214,2.33203,-5.32031,0.50391,5.55859,4.08594,1.83594,-2.26877,-0.18543,-0.55143
69,9765,2,-0.16516,0.19330,-0.88464,0.39087,2.60938,-5.13672,-0.78906,5.87305,4.25586,2.02539,-2.27360,-0.14158,-0.49595
70,10743,2,-0.13379,0.17767,-0.88922,0.39978,2.67969,-4.88672,-2.21875,6.00781,4.30469,2.15234,-2.27514,-0.09602,-0.43886
71,11718,2,-0.10089,0.16107,-0.89252,0.40894,2.68750,-4.52734,-3.48828,5.89453,4.22852,2.28711,-2.27302,-0.04838,-0.37954
72,7813,2,-0.06885,0.14471,-0.89429,0.41785,2.20703,-2.72266,-5.38672,5.54688,4.03516,2.33789,-2.26704,-0.00220,-0.32189
73,10742,2,-0.03699,0.12860,-0.89441,0.42682,2.27734,-1.96875,-6.09375,5.14648,3.82617,2.31250,-2.25691,0.04363,-0.26494
74,9766,2,-0.00488,0.11261,-0.89294,0.43585,2.27734,-1.68750,-6.39453,4.84180,3.66992,2.28516,-2.24276,0.08956,-0.20768
75,9765,2,0.02411,0.09839,-0.89032,0.44391,1.38281,-1.39062,-6.37891,4.52930,3.50977,2.26367,-2.22676,0.13065,-0.15574
76,9766,2,0.05157,0.08514,-0.88672,0.45148,1.42969,-1.54688,-6.47266,4.14844,3.28320,2.25000,-2.20871,0.16915,-0.10614
77,9766,2,0.07721,0.07300,-0.88220,0.45868,1.77344,-1.78516,-6.28906,3.91016,3.09961,2.24805,-2.18876,0.20463,-0.05924
78,10742,2,0.10132,0.06165,-0.87695,0.46570,2.07031,-2.03125,-6.01172,3.73242,2.93750,2.16797,-2.16694,0.23734,-0.01415
79,12695,2,0.12482,0.05042,-0.87097,0.47253,2.13672,-1.43359,-6.24609,3.57227,2.72656,2.03320,-2.14318,0.26828,0.03126
80,6836,2,0.14484,0.04053,-0.86530,0.47815,2.33984,-1.62500,-6.30859,3.45117,2.49414,1.85156,-2.12137,0.29361,0.07149
81,10742,2,0.16498,0.03009,-0.85919,0.48340,2.46094,-1.75781,-6.28125,3.28320,2.21484,1.63867,-2.09838,0.31791,0.11372
82,9766,2,0.18414,0.01947,-0.85309,0.48779,2.40234,-1.64844,-6.73047,3.07227,1.89062,1.38477,-2.07595,0.33967,0.15593
83,9765,2,0.20081,0.00946,-0.84760,0.49103,2.48828,-1.64844,-6.80469,2.95117,1.57422,1.13477,-2.05620,0.35727,0.19461
84,10743,2,0.21570,-0.00037,-0.84271,0.49323,2.43750,-1.69922,-6.60547,2.90430,1.31445,0.94531,-2.03890,0.37170,0.23109
85,8789,2,0.22894,-0.01031,-0.83850,0.49438,2.28125,-1.95703,-6.48828,2.73438,1.06250,0.77148,-2.02428,0.38303,0.26582
86,10742,2,0.24036,-0.01978,-0.83490,0.49475,1.93750,-1.82031,-6.91406,2.39258,0.76758,0.61328,-2.01226,0.39172,0.29742
87,11719,2,0.25055,-0.02924,-0.83173,0.49457,1.96094,-1.61719,-7.07422,2.01367,0.50195,0.46875,-2.00201,0.39831,0.32746
88,7812,2,0.25842,-0.03735,-0.82922,0.49414,1.96094,-1.48438,-7.13281,1.65234,0.27930,0.33398,-1.99423,0.40246,0.35215
89,10742,2,0.26440,-0.04449,-0.82739,0.49347,1.94531,-1.30078,-7.13672,1.27344,0.09570,0.23828,-1.98877,0.40457,0.37253
90,9766,2,0.26898,-0.05042,-0.82538,0.49384,2.17578,-1.05859,-6.87500,0.92188,-0.01953,0.16797,-1.98226,0.40522,0.38939
91,9766,2,0.27179,-0.05475,-0.82391,0.49426,2.25391,-1.01562,-6.68359,0.61914,-0.10742,0.13672,-1.97755,0.40470,0.40110
92,9765,2,0.27338,-0.05798,-0.82288,0.49475,2.27734,-1.00000,-6.69141,0.27734,-0.20508,0.11914,-1.97412,0.40339,0.40919
93,10742,2,0.27380,-0.06030,-0.82263,0.49463,2.25391,-1.03906,-6.79688,-0.08398,-0.31836,0.11914,-1.97350,0.40153,0.41377
94,9766,2,0.27289,-0.06158,-0.82269,0.49493,2.22266,-0.89453,-6.72266,-0.36914,-0.42188,0.12695,-1.97347,0.39849,0.41481
95,9766,2,0.27075,-0.06171,-0.82294,0.49567,2.22656,-0.44922,-6.70703,-0.59766,-0.57227,0.08984,-1.97379,0.39460,0.41234
96,9765,2,0.26740,-0.06110,-0.82349,0.49658,1.95312,0.15625,-6.89062,-0.86328,-0.80859,0.00195,-1.97495,0.38950,0.40700
97,10742,2,0.26270,-0.05981,-0.82452,0.49756,1.42969,1.37500,-7.20703,-1.19141,-1.11133,-0.10352,-1.97741,0.38297,0.39865
98,9766,2,0.25610,-0.05786,-0.82623,0.49841,0.96094,2.08203,-7.31641,-1.54688,-1.43359,-0.26367,-1.98194,0.37419,0.38654
99,9766,2,0.24750,-0.05518,-0.82867,0.49902,0.66797,2.58984,-7.39453,-1.96875,-1.70508,-0.46094,-1.98877,0.36303,0.37046
100,10742,2,0.23669,-0.05133,-0.83197,0.49921,0.91797,2.49219,-6.69922,-2.41016,-1.84570,-0.60156,-1.99836,0.34966,0.34951
101,9765,2,0.22369,-0.04596,-0.83594,0.49908,1.34375,2.36719,-6.39453,-2.83789,-1.91992,-0.71484,-2.01010,0.33430,0.32330
102,9766,2,0.20941,-0.03894,-0.84015,0.49878,1.49219,2.28906,-6.18359,-3.20508,-1.97461,-0.80469,-2.02270,0.31838,0.29302
103,9766,2,0.19385,-0.03033,-0.84454,0.49829,1.45312,1.97266,-5.87891,-3.50977,-1.96094,-0.80469,-2.03594,0.30174,0.25886
104,10742,2,0.17670,-0.01990,-0.84888,0.49774,1.08984,0.56250,-5.16016,-3.74609,-1.90625,-0.69727,-2.04934,0.28399,0.22021
105,9766,2,0.15997,-0.00897,-0.85254,0.49744,1.00000,0.30078,-5.00000,-3.84766,-1.86523,-0.52344,-2.06074,0.26702,0.18187
106,9765,2,0.14227,0.00317,-0.85559,0.49768,0.85938,-0.05078,-4.87500,-3.81250,-1.81445,-0.32227,-2.07022,0.24919,0.14099
107,12695,2,0.12488,0.01520,-0.85773,0.49854,0.91797,-1.35547,-4.22266,-3.61523,-1.70703,-0.09375,-2.07680,0.23142,0.10130
108,6836,2,0.10852,0.02655,-0.85883,0.49994,0.83203,-1.84766,-3.61719,-3.27539,-1.53516,0.12891,-2.08031,0.21459,0.06442
109,10743,2,0.09290,0.03729,-0.85907,0.50201,0.58984,-2.16016,-3.08984,-3.08984,-1.77539,0.17578,-2.08093,0.19834,0.02978
110,9765,2,0.07715,0.04712,-0.85870,0.50446,0.41797,-1.95703,-3.49609,-2.76172,-1.90234,0.00391,-2.07958,0.18102,-0.00314
111,9766,2,0.06268,0.05463,-0.85840,0.50623,0.62891,-0.92578,-2.35547,-2.49023,-1.92383,-0.16406,-2.07844,0.16365,-0.03073
112,10742,2,0.04694,0.06140,-0.85834,0.50720,0.61719,-0.46094,-2.25781,-2.32031,-1.95312,-0.33008,-2.07837,0.14335,-0.05843
113,9766,2,0.03253,0.06683,-0.85858,0.50726,0.66016,-0.18750,-2.25781,-2.17578,-2.01953,-0.52148,-2.07944,0.12398,-0.08249
114,9765,2,0.01807,0.07153,-0.85913,0.50641,0.80859,0.23047,-2.66406,-2.33984,-2.18750,-0.78516,-2.08182,0.10368,-0.10537
115,12696,2,0.00293,0.07599,-0.86005,0.50446,1.58594,0.57422,-3.60547,-2.68359,-2.29102,-1.03516,-2.08593,0.08180,-0.12854
116,7812,2,-0.01257,0.08087,-0.86127,0.50153,1.63672,0.53906,-3.26562,-2.99219,-2.27734,-1.10742,-2.09152,0.05950,-0.15278
117,9766,2,-0.03015,0.08734,-0.86249,0.49750,1.81641,0.39844,-2.99219,-3.23633,-2.24414,-1.07812,-2.09838,0.03490,-0.18179
118,9765,2,-0.04803,0.09497,-0.86334,0.49323,2.49219,0.35938,-2.81250,-3.58008,-2.27539,-1.08789,-2.10465,0.01074,-0.21300
119,10743,2,-0.04803,0.09497,-0.86334,0.49323,2.77734,0.61719,-2.86328,-3.88086,-2.34961,-1.13867,-2.10465,0.01074,-0.21300
120,9765,2,-0.08746,0.11438,-0.86346,0.48346,2.91406,0.81641,-3.06250,-4.33984,-2.33789,-1.19336,-2.11493,-0.04046,-0.28621
121,12695,2,-0.10797,0.12579,-0.86261,0.47791,2.57812,0.76953,-2.87500,-4.85352,-2.25195,-1.26562,-2.11884,-0.06609,-0.32671
122,6836,2,-0.12897,0.13904,-0.86121,0.47156,2.60547,0.55469,-3.35547,-5.45312,-2.37891,-1.46289,-2.12255,-0.09113,-0.37107
123,10743,2,-0.15186,0.15472,-0.85901,0.46381,2.42969,0.76172,-4.38281,-6.16406,-2.61914,-1.67383,-2.12621,-0.11764,-0.42191
124,9765,2,-0.17822,0.17334,-0.85565,0.45398,1.66797,0.53516,-4.27734,-6.46875,-2.61328,-1.71680,-2.12952,-0.14814,-0.48195
125,9766,2,-0.20514,0.19281,-0.85114,0.44305,1.78906,-1.26172,-3.58203,-6.55469,-2.68750,-1.79102,-2.13148,-0.17931,-0.54487
126,9765,2,-0.23248,0.21277,-0.84546,0.43115,2.13672,-1.85156,-3.51953,-6.59570,-2.88086,-1.85742,-2.13169,-0.21120,-0.61013
127,10743,2,-0.26056,0.23254,-0.83850,0.41833,1.81641,-2.69922,-3.10547,-6.52539,-2.97656,-1.73242,-2.12945,-0.24482,-0.67722
128,9765,2,-0.28821,0.25128,-0.83032,0.40546,1.53516,-4.00391,-2.66016,-6.33203,-3.06250,-1.60938,-2.12390,-0.27842,-0.74375
129,12696,2,-0.31628,0.26965,-0.82050,0.39252,1.67578,-7.18359,-2.02344,-5.92188,-3.12500,-1.31836,-2.11392,-0.31238,-0.81234
130,7812,2,-0.34155,0.28540,-0.81024,0.38129,1.67578,-9.17578,-0.36328,-5.37500,-3.06836,-0.93750,-2.10048,-0.34250,-0.87499
131,9766,2,-0.36633,0.30035,-0.79858,0.37128,2.37500,-10.58984,1.60547,-4.73438,-2.70117,-0.47070,-2.08184,-0.37049,-0.93814
132,9765,2,-0.38885,0.31421,-0.78625,0.36310,3.47656,-12.19141,5.75391,-4.66992,-2.54883,-0.65625,-2.05983,-0.39338,-0.99861
133,9766,2,-0.40875,0.32684,-0.77435,0.35565,3.80859,-11.50000,7.89844,-4.04102,-2.88867,-0.66602,-2.03824,-0.41211,-1.05467
134,10742,2,-0.42798,0.33746,-0.76257,0.34851,5.56250,-13.87891,6.86719,-3.07031,-3.71875,-0.32422,-2.01533,-0.43069,-1.10770
135,11719,2,-0.44757,0.34412,-0.75006,0.34442,6.81250,-14.75781,7.21875,-2.25586,-2.93750,-0.21094,-1.98448,-0.44936,-1.15660
136,7812,2,-0.46417,0.34753,-0.73889,0.34320,5.27344,-12.84766,12.46094,-1.00977,-1.35742,-0.03320,-1.95294,-0.46386,-1.19586
