lineno,time,accurate,i,j,k,r,aX,aY,aZ,gX,gY,gZ,rx,ry,rz
0,1574218,3,-0.10468,0.00555,-0.22040,0.96979,-0.10547,1.01562,-1.53516,-0.38477,0.09961,-0.28516,-0.44326,-0.03537,-0.20707
1,9766,3,-0.10590,0.00653,-0.22180,0.96930,-0.09766,1.26953,-1.79297,-0.58203,-0.05664,-0.30078,-0.44629,-0.03432,-0.20985
2,9766,3,-0.10828,0.00702,-0.22327,0.96869,0.01953,1.39453,-2.09375,-0.84766,-0.26758,-0.31836,-0.44931,-0.03476,-0.21468
3,9765,3,-0.11188,0.00690,-0.22467,0.96796,0.10938,1.44922,-2.56641,-1.41406,-0.57031,-0.29492,-0.45203,-0.03693,-0.22165
4,10743,3,-0.11188,0.00690,-0.22467,0.96796,-0.16797,0.86719,-4.45703,-2.44531,-0.93359,-0.18555,-0.45203,-0.03693,-0.22165
5,9765,3,-0.12781,0.00439,-0.22650,0.96558,-0.78125,0.51172,-5.06250,-3.75586,-1.15234,0.01953,-0.45456,-0.04943,-0.25176
6,9766,3,-0.14441,0.00281,-0.22614,0.96332,-1.19922,0.28125,-5.16016,-4.96680,-1.19922,0.31641,-0.45258,-0.05994,-0.28380
7,10742,3,-0.16705,0.00220,-0.22437,0.96008,-1.87500,0.07422,-5.63281,-5.86914,-1.22461,0.75977,-0.44741,-0.07080,-0.32843
8,9766,3,-0.19446,0.00287,-0.22058,0.95581,-1.92969,0.19922,-5.35938,-6.53320,-1.02539,1.16992,-0.43800,-0.08039,-0.38352
9,9765,3,-0.22552,0.00531,-0.21466,0.95032,-1.99219,0.64453,-4.40625,-6.88672,-0.77734,1.37695,-0.42455,-0.08683,-0.44728
10,10742,3,-0.25800,0.00964,-0.20734,0.94360,-1.69922,0.96875,-4.14062,-7.00000,-0.69727,1.54102,-0.40914,-0.08890,-0.51533
11,8789,3,-0.29028,0.01514,-0.19934,0.93585,-1.80078,-0.18359,-3.89453,-7.04297,-0.55664,1.74805,-0.39341,-0.08751,-0.58409
12,10743,3,-0.32373,0.02167,-0.19000,0.92664,-1.63672,-0.05859,-3.37500,-7.01562,-0.36133,1.96875,-0.37622,-0.08296,-0.65641
13,10742,3,-0.35742,0.02948,-0.17938,0.91608,-1.16797,-0.34375,-3.25000,-7.08789,-0.27344,2.16016,-0.35832,-0.07429,-0.73054
14,9765,3,-0.35742,0.02948,-0.17938,0.91608,-0.21094,-0.44922,-3.15625,-7.33398,-0.15234,2.27344,-0.35832,-0.07429,-0.73054
15,9766,3,-0.42010,0.04706,-0.15686,0.89258,-0.57422,-1.90234,-2.37891,-7.29883,0.01758,2.25586,-0.32565,-0.04781,-0.87196
16,9766,3,-0.45251,0.05737,-0.14459,0.87805,-0.35547,-2.03516,-1.44922,-6.97266,0.10156,2.01562,-0.31099,-0.03011,-0.94700
17,9765,3,-0.48364,0.06787,-0.13293,0.86249,0.20703,-1.93359,-0.66406,-6.61133,0.17383,1.65820,-0.29941,-0.01151,-1.02039
18,10743,3,-0.51141,0.07727,-0.12311,0.84698,1.02344,-3.37500,0.51953,-6.00586,0.28711,1.47656,-0.29168,0.00498,-1.08716
19,9765,3,-0.53680,0.08600,-0.11469,0.83148,1.24609,-4.19141,1.53125,-5.33984,0.45508,1.35742,-0.28701,0.01989,-1.14942
20,9766,3,-0.55963,0.09479,-0.10724,0.81628,1.27344,-4.74609,2.50781,-4.71094,0.61523,1.17383,-0.28519,0.03473,-1.20696
21,9765,3,-0.57965,0.10345,-0.10095,0.80194,1.56641,-5.24219,3.33594,-4.20312,0.49805,1.15039,-0.28607,0.04891,-1.25879
22,10743,3,-0.59656,0.11133,-0.09558,0.78906,1.58594,-6.04297,3.42188,-3.39258,0.29688,0.79492,-0.28817,0.06169,-1.30366
23,9765,3,-0.59656,0.11133,-0.09558,0.78906,1.83984,-6.10938,4.12500,-2.49219,0.19727,0.22266,-0.28817,0.06169,-1.30366
24,9766,3,-0.62158,0.12152,-0.08789,0.76886,2.00781,-6.43750,5.05859,-1.53711,0.04688,-0.20117,-0.29118,0.07768,-1.37114
25,9765,3,-0.62921,0.12299,-0.08698,0.76251,1.43359,-7.24219,6.48047,-0.42773,-0.16992,-0.41406,-0.29243,0.07818,-1.39134
26,10743,3,-0.63324,0.12219,-0.08740,0.75922,1.28906,-7.55469,7.37891,1.03320,-0.29102,-0.51953,-0.29244,0.07492,-1.40138
27,9765,3,-0.63251,0.11987,-0.08850,0.76007,1.20312,-7.60156,8.11328,2.54688,-0.22852,-0.59961,-0.29098,0.07033,-1.39841
28,9766,3,-0.62592,0.11615,-0.09094,0.76581,1.05469,-7.54688,8.34766,4.01172,-0.17969,-0.63672,-0.28929,0.06410,-1.37977
29,9766,3,-0.61328,0.11176,-0.09460,0.77612,1.53125,-7.03516,6.72266,5.22852,-0.07617,-0.64258,-0.28840,0.05747,-1.34580
30,10742,3,-0.59576,0.10712,-0.09912,0.78979,1.11328,-6.76172,6.20312,6.17383,0.24219,-0.65430,-0.28856,0.05112,-1.29996
31,9765,3,-0.57349,0.10260,-0.10480,0.80597,0.99219,-6.67969,5.25000,6.89648,0.59766,-0.64062,-0.29099,0.04520,-1.24349
32,10743,3,-0.54669,0.09882,-0.11188,0.82391,1.01953,-5.98047,3.53125,7.53125,0.89258,-0.71094,-0.29699,0.04052,-1.17772
33,8789,3,-0.51801,0.09601,-0.11963,0.84149,0.94922,-5.52734,2.49219,8.33398,1.16211,-0.85352,-0.30576,0.03765,-1.10940
34,10742,3,-0.48279,0.09332,-0.12939,0.86108,1.04297,-5.14453,1.67969,9.01562,1.36719,-0.94922,-0.31851,0.03578,-1.02775
35,9765,3,-0.44379,0.09070,-0.14020,0.88043,1.34766,-5.08203,0.52344,9.18750,1.34570,-1.07031,-0.33374,0.03528,-0.93972
36,9766,3,-0.40466,0.08795,-0.15082,0.89764,1.92188,-4.11328,-2.55859,8.80078,1.24609,-1.31055,-0.34922,0.03585,-0.85337
37,10742,3,-0.36176,0.08417,-0.16266,0.91412,1.80859,-3.85547,-4.17578,7.91992,1.10742,-1.48047,-0.36666,0.03620,-0.76037
38,9766,3,-0.32288,0.08002,-0.17407,0.92688,1.60938,-3.63281,-5.41016,7.06250,0.89258,-1.56250,-0.38394,0.03593,-0.67739
39,9765,3,-0.28876,0.07556,-0.18469,0.93640,1.37109,-2.77734,-5.64844,6.53906,0.85352,-1.66602,-0.40036,0.03485,-0.60531
40,9766,3,-0.25543,0.07074,-0.19580,0.94415,1.12500,-1.20312,-4.57422,6.21875,1.07617,-1.68945,-0.41818,0.03356,-0.53555
41,10742,3,-0.22449,0.06665,-0.20660,0.95001,1.05078,-1.14453,-4.48828,5.88672,1.26367,-1.59570,-0.43642,0.03388,-0.47160
42,11719,3,-0.19525,0.06396,-0.21692,0.95435,0.77344,-1.20703,-4.73828,5.39062,1.26758,-1.49023,-0.45482,0.03739,-0.41227
43,7813,3,-0.16821,0.06226,-0.22626,0.95740,0.21484,-0.20312,-5.21094,4.70508,1.19141,-1.40820,-0.47194,0.04310,-0.35821
44,9765,3,-0.14203,0.06110,-0.23541,0.95953,0.13281,0.11328,-5.41406,4.01953,1.15234,-1.33984,-0.48896,0.05040,-0.30648
45,10742,3,-0.12000,0.06049,-0.24347,0.96057,-0.01953,0.62891,-5.37891,3.46094,1.12695,-1.31055,-0.50413,0.05780,-0.26344
46,11719,3,-0.10107,0.06049,-0.25092,0.96082,0.05859,1.12109,-5.04297,2.86328,1.12695,-1.30664,-0.51836,0.06556,-0.22701
47,7813,3,-0.08563,0.06116,-0.25769,0.96045,-0.32812,1.95703,-5.28906,2.10547,1.05469,-1.29492,-0.53155,0.07341,-0.19784
48,10742,3,-0.07263,0.06262,-0.26465,0.95959,-0.48047,2.26562,-5.44141,1.36914,0.88477,-1.30273,-0.54534,0.08183,-0.17399
49,9765,3,-0.06299,0.06458,-0.27167,0.95813,-0.71094,2.59375,-5.42578,0.77148,0.66797,-1.34766,-0.55963,0.08964,-0.15707
50,9766,3,-0.05743,0.06628,-0.27795,0.95660,-1.11328,2.96484,-5.24219,0.25586,0.44727,-1.38867,-0.57260,0.09503,-0.14793
51,9766,3,-0.05457,0.06787,-0.28461,0.95471,-1.23828,2.85938,-5.32031,-0.38281,0.20508,-1.37500,-0.58656,0.09869,-0.14401
52,10742,3,-0.05493,0.06909,-0.29053,0.95276,-1.34375,2.67578,-5.65625,-1.16602,-0.11133,-1.33203,-0.59927,0.09991,-0.14607
53,9765,3,-0.05908,0.07001,-0.29608,0.95074,-1.43750,2.68359,-5.99219,-1.88867,-0.53516,-1.27148,-0.61145,0.09829,-0.15517
54,9766,3,-0.06732,0.07031,-0.30103,0.94861,-1.22266,2.42578,-6.81250,-2.93359,-1.05664,-1.19531,-0.62257,0.09301,-0.17164
55,10742,3,-0.08057,0.06964,-0.30518,0.94635,-1.28516,2.01953,-7.76953,-4.43555,-1.67383,-1.16016,-0.63207,0.08273,-0.19692
56,11719,3,-0.10040,0.06824,-0.30823,0.94354,-1.39453,1.95703,-8.58203,-5.92773,-2.17578,-1.03906,-0.63936,0.06692,-0.23418
57,7813,3,-0.12738,0.06653,-0.30994,0.93982,-2.13672,1.94922,-8.88672,-6.86914,-2.55078,-0.69141,-0.64372,0.04611,-0.28481
58,9765,3,-0.16107,0.06470,-0.30963,0.93488,-2.38672,1.08984,-8.34375,-7.51367,-2.59961,-0.35742,-0.64339,0.02122,-0.34831
59,10742,3,-0.20068,0.06311,-0.30682,0.92822,-2.31250,1.08594,-7.67188,-7.82422,-2.82031,-0.11719,-0.63720,-0.00599,-0.42387
60,9766,3,-0.24011,0.06183,-0.30200,0.92047,-1.67578,0.83984,-7.67578,-7.93945,-2.98633,0.03711,-0.62608,-0.03121,-0.50024
61,9766,3,-0.28174,0.06006,-0.29529,0.91095,-1.58203,-1.08594,-6.82422,-7.92969,-2.99023,0.21094,-0.60986,-0.05700,-0.58195
62,12695,3,-0.32141,0.05811,-0.28754,0.90033,-1.50000,-2.22266,-6.30859,-8.00195,-2.90039,0.48828,-0.59068,-0.08030,-0.66134
63,6836,3,-0.35925,0.05670,-0.27863,0.88885,-1.45703,-3.03906,-5.33984,-8.11719,-2.82227,0.70117,-0.56894,-0.09956,-0.73907
64,10742,3,-0.39893,0.05603,-0.26776,0.87524,-1.07812,-3.77344,-4.13281,-8.07031,-2.76562,0.90039,-0.54318,-0.11581,-0.82303
65,9766,3,-0.43915,0.05597,-0.25531,0.85956,0.09766,-5.80078,-0.81250,-7.67188,-2.40625,1.20703,-0.51451,-0.12837,-0.91084
66,9765,3,-0.47571,0.05695,-0.24225,0.84363,0.41797,-6.26562,2.18359,-6.75000,-1.76953,1.53516,-0.48610,-0.13481,-0.99340
67,9766,3,-0.50800,0.05988,-0.22894,0.82825,0.70312,-6.99609,4.50781,-5.56250,-1.27148,1.67773,-0.46008,-0.13381,-1.06896
68,10742,3,-0.53333,0.06427,-0.21674,0.81512,1.38672,-8.64453,6.60938,-4.49805,-1.08594,1.48633,-0.43931,-0.12675,-1.13043
69,9766,3,-0.55542,0.06921,-0.20465,0.80298,2.48438,-9.45312,8.08984,-3.23438,-0.99219,1.23828,-0.42063,-0.11645,-1.18538
70,9765,3,-0.57153,0.07269,-0.19476,0.79382,3.19141,-10.22266,9.68359,-1.39844,-0.74219,1.07031,-0.40560,-0.10742,-1.22590
71,9766,3,-0.57153,0.07269,-0.19476,0.79382,3.64453,-10.36719,11.28125,0.65234,-0.39648,0.91211,-0.40560,-0.10742,-1.22590
72,10742,3,-0.58234,0.07550,-0.18109,0.78894,4.25781,-9.84375,11.16797,2.32031,-0.08789,0.66016,-0.38466,-0.09191,-1.25381
73,9766,3,-0.57623,0.07544,-0.17767,0.79413,4.36719,-9.14844,10.40625,3.59766,0.21484,0.33789,-0.37954,-0.08505,-1.23908
74,9765,3,-0.56415,0.07446,-0.17688,0.80304,4.50000,-8.48438,9.09766,4.56836,0.44531,0.04492,-0.37825,-0.08007,-1.20949
75,10743,3,-0.54810,0.07275,-0.17841,0.81390,3.71094,-6.70312,6.35547,5.30664,0.73242,-0.17969,-0.38039,-0.07722,-1.17045
76,9765,3,-0.52631,0.07037,-0.18219,0.82758,3.35156,-5.99219,5.43359,6.08203,1.07812,-0.34375,-0.38622,-0.07537,-1.11814
77,10742,3,-0.50171,0.06824,-0.18756,0.84167,2.98438,-5.39844,4.35938,6.75781,1.31250,-0.49219,-0.39548,-0.07340,-1.06036
78,11719,3,-0.47345,0.06616,-0.19440,0.85657,2.85156,-5.07031,2.69531,7.26172,1.42773,-0.60742,-0.40787,-0.07079,-0.99523
79,7813,3,-0.44354,0.06396,-0.20178,0.87091,2.73047,-3.91016,0.67578,7.65234,1.61133,-0.77930,-0.42151,-0.06763,-0.92762
80,9765,3,-0.40924,0.06146,-0.21045,0.88568,2.42578,-3.68359,-0.78906,7.68164,1.75586,-0.96289,-0.43780,-0.06342,-0.85157
81,9766,3,-0.37201,0.05890,-0.22034,0.89978,2.32812,-3.37891,-2.48828,7.31445,1.77734,-1.13086,-0.45679,-0.05797,-0.77061
82,9766,3,-0.33643,0.05664,-0.23035,0.91132,1.80859,-2.32422,-4.63281,6.73047,1.71680,-1.26172,-0.47640,-0.05178,-0.69471
83,10742,3,-0.30200,0.05438,-0.24072,0.92078,1.44922,-1.84766,-5.11719,6.22852,1.54102,-1.39258,-0.49686,-0.04527,-0.62238
84,9765,3,-0.27069,0.05206,-0.25079,0.92798,1.08984,-1.53516,-5.32422,5.68945,1.35742,-1.45898,-0.51670,-0.03916,-0.55730
85,9766,3,-0.24109,0.04932,-0.26086,0.93347,0.71484,-1.39844,-5.25391,5.13672,1.33594,-1.46289,-0.53647,-0.03372,-0.49623
86,12695,3,-0.21399,0.04669,-0.27057,0.93744,0.22656,-0.65625,-4.20312,4.77539,1.42578,-1.35547,-0.55565,-0.02826,-0.44079
87,7813,3,-0.19037,0.04498,-0.27911,0.94012,-0.01172,-0.43750,-3.62891,4.62109,1.50586,-1.22656,-0.57288,-0.02169,-0.39319
88,9765,3,-0.16650,0.04401,-0.28741,0.94220,-0.26953,-0.22266,-3.49609,4.30273,1.52148,-1.14062,-0.58993,-0.01279,-0.34594
89,9766,3,-0.14252,0.04370,-0.29529,0.94373,-0.27344,0.42188,-3.73047,3.73828,1.47656,-1.12891,-0.60624,-0.00168,-0.29924
90,10742,3,-0.12170,0.04401,-0.30231,0.94440,-0.12891,0.76562,-3.99219,3.16406,1.35547,-1.20703,-0.62084,0.00953,-0.25939
91,9766,3,-0.10345,0.04468,-0.30920,0.94427,-0.17969,1.01172,-3.96094,2.74414,1.19141,-1.32812,-0.63520,0.02040,-0.22496
92,9765,3,-0.08771,0.04547,-0.31628,0.94348,-0.27734,1.23047,-3.71094,2.54883,1.07227,-1.39844,-0.64989,0.03033,-0.19561
93,9766,3,-0.07434,0.04596,-0.32318,0.94226,-0.68750,1.40625,-3.25781,2.19141,0.99219,-1.44336,-0.66413,0.03857,-0.17077
94,12695,3,-0.06146,0.04639,-0.33081,0.94055,-0.68750,1.21875,-3.59766,1.66797,0.87891,-1.43945,-0.67984,0.04661,-0.14700
95,7813,3,-0.05151,0.04712,-0.33783,0.93860,-0.65625,1.34766,-3.66797,1.15625,0.79102,-1.47852,-0.69446,0.05367,-0.12909
96,9766,3,-0.04382,0.04828,-0.34491,0.93634,-0.55469,1.52734,-3.67578,0.68945,0.72852,-1.49219,-0.70937,0.06022,-0.11585
97,9765,3,-0.03833,0.04993,-0.35242,0.93372,-1.00000,1.82422,-3.87500,0.31445,0.63477,-1.44336,-0.72536,0.06627,-0.10721
98,10742,3,-0.03516,0.05194,-0.35938,0.93109,-1.44141,2.01562,-4.10547,-0.04688,0.41406,-1.37695,-0.74041,0.07151,-0.10325
99,9766,3,-0.03400,0.05389,-0.36578,0.92853,-1.82422,2.23828,-4.48828,-0.58984,0.08984,-1.31836,-0.75443,0.07528,-0.10303
100,9766,3,-0.03534,0.05530,-0.37158,0.92609,-1.77734,2.35547,-5.46875,-1.28320,-0.27734,-1.27930,-0.76723,0.07623,-0.10706
101,10742,3,-0.04047,0.05640,-0.37744,0.92346,-1.57031,2.65625,-5.65234,-1.95117,-0.67188,-1.24805,-0.78036,0.07367,-0.11790
102,9765,3,-0.04913,0.05701,-0.38245,0.92090,-1.21094,2.93359,-6.13281,-2.84766,-1.18945,-1.22656,-0.79180,0.06747,-0.13481
103,9766,3,-0.06244,0.05695,-0.38708,0.91815,-0.63281,2.93750,-7.24219,-4.20898,-1.86719,-1.25586,-0.80246,0.05626,-0.15968
104,12695,3,-0.08203,0.05634,-0.39105,0.91498,-0.46094,2.44531,-9.10547,-5.77539,-2.52539,-1.26953,-0.81161,0.03894,-0.19556
105,7813,3,-0.10822,0.05548,-0.39404,0.91101,-0.91406,2.21875,-9.30859,-7.10742,-2.96484,-1.07422,-0.81840,0.01581,-0.24332
106,9765,3,-0.14355,0.05499,-0.39575,0.90540,-1.33594,1.95312,-9.12891,-8.02734,-3.33594,-0.36523,-0.82197,-0.01404,-0.30837
107,9766,3,-0.18439,0.05511,-0.39423,0.89862,-1.57031,0.54297,-8.43359,-8.48047,-3.50391,0.05859,-0.81781,-0.04634,-0.38468
108,9766,3,-0.22980,0.05579,-0.38873,0.89050,-1.25000,1.73047,-7.74609,-8.07227,-3.32227,-0.17578,-0.80412,-0.07939,-0.47132
109,10742,3,-0.27271,0.05646,-0.38239,0.88104,-0.34766,1.66797,-7.50781,-7.89844,-3.44336,-0.14062,-0.78781,-0.10929,-0.55488
110,11719,3,-0.31464,0.05652,-0.37573,0.86987,0.40234,0.00781,-8.20312,-7.88477,-3.49219,-0.27148,-0.76965,-0.13855,-0.63794
111,7812,3,-0.35327,0.05591,-0.36890,0.85785,-0.16797,-3.48828,-6.53125,-7.94727,-3.39844,-0.35352,-0.75020,-0.16549,-0.71601
112,10742,3,-0.39349,0.05511,-0.36163,0.84338,0.07031,-4.58984,-4.74219,-8.20508,-3.58594,-0.36523,-0.72848,-0.19284,-0.79937
113,9766,3,-0.43518,0.05420,-0.35339,0.82629,0.80859,-6.48047,-2.60547,-7.85742,-3.24023,-0.16016,-0.70333,-0.21978,-0.88858
114,9766,3,-0.47443,0.05371,-0.34454,0.80829,1.05859,-10.73828,7.94141,-6.62695,-1.45117,0.66016,-0.67675,-0.24246,-0.97585
115,9765,3,-0.50708,0.05725,-0.33588,0.79169,0.85156,-10.79297,10.19922,-4.89648,-0.38477,1.27344,-0.65509,-0.25267,-1.05309
116,10742,3,-0.53125,0.06592,-0.32800,0.77838,1.50781,-10.75000,10.71484,-2.86328,0.24609,1.81055,-0.64229,-0.24842,-1.11476
117,9766,3,-0.54584,0.07623,-0.32062,0.77032,1.21484,-10.93750,11.16797,-0.56055,0.82422,2.08398,-0.63538,-0.23472,-1.15542
118,12695,3,-0.55090,0.08673,-0.31396,0.76837,1.63672,-10.75000,10.61719,1.46094,1.32812,2.33594,-0.63302,-0.21428,-1.17363
119,6836,3,-0.54675,0.09576,-0.30927,0.77216,2.08594,-11.10938,10.60156,3.07227,1.78320,2.32812,-0.63499,-0.19147,-1.16917
120,10742,3,-0.53436,0.10492,-0.30585,0.78101,2.23828,-11.27344,10.94922,4.49219,2.23242,2.34570,-0.64078,-0.16370,-1.14566
121,9766,3,-0.51434,0.11365,-0.30414,0.79376,2.12109,-10.04688,9.68359,5.27734,2.42969,2.24805,-0.64983,-0.13283,-1.10511
122,9766,3,-0.48975,0.12146,-0.30383,0.80811,1.77344,-7.70703,7.69922,5.30664,2.15820,1.61719,-0.66012,-0.10148,-1.05491
123,10742,3,-0.46344,0.12750,-0.30499,0.82214,1.59766,-4.92969,4.75000,5.60938,1.46094,1.43359,-0.67047,-0.07311,-1.00112
124,11719,3,-0.43665,0.13037,-0.30670,0.83563,2.39844,-5.94922,1.36719,5.35938,1.13867,1.47852,-0.67797,-0.04998,-0.94540
125,7812,3,-0.41180,0.13074,-0.30737,0.84784,1.08203,-3.72266,1.25391,5.78125,1.12695,1.43555,-0.68053,-0.03147,-0.89316
126,9766,3,-0.38513,0.13007,-0.30750,0.86035,0.38281,-3.01172,-0.01953,6.02148,1.19141,1.40039,-0.68071,-0.01305,-0.83717
