lineno,time,accurate,i,j,k,r,aX,aY,aZ,gX,gY,gZ,rx,ry,rz
0,1083008,3,0.01263,0.00220,-0.82489,0.56512,-0.23828,-0.11328,-1.73047,-0.18164,-0.14062,0.00391,-1.94017,0.02333,0.01066
1,10742,3,0.01160,0.00250,-0.82489,0.56519,-0.21484,-0.24219,-2.11328,-0.21289,-0.17383,0.01367,-1.94009,0.02196,0.00898
2,9766,3,0.01044,0.00293,-0.82483,0.56525,-0.12500,-0.37891,-2.61328,-0.23828,-0.22266,0.04688,-1.93995,0.02053,0.00697
3,9766,3,0.00897,0.00330,-0.82477,0.56543,-0.06250,-0.62500,-3.26172,-0.29883,-0.29297,0.08984,-1.93961,0.01853,0.00471
4,9765,3,0.00714,0.00366,-0.82452,0.56573,0.21875,-1.06250,-4.82422,-0.37695,-0.40625,0.09961,-1.93886,0.01592,0.00204
5,10743,3,0.00470,0.00409,-0.82428,0.56616,0.29688,-1.05859,-5.55469,-0.50391,-0.56445,0.08008,-1.93790,0.01238,-0.00142
6,8789,3,0.00153,0.00452,-0.82397,0.56659,0.40234,-1.08984,-6.20312,-0.65625,-0.75000,0.04297,-1.93686,0.00763,-0.00571
7,10742,3,-0.00269,0.00500,-0.82379,0.56689,0.64453,-0.80469,-7.19922,-0.83203,-0.96484,-0.00391,-1.93614,0.00125,-0.01129
8,9765,3,-0.00854,0.00568,-0.82367,0.56702,0.67578,-0.54297,-7.49219,-1.09180,-1.18359,-0.02930,-1.93572,-0.00764,-0.01904
9,10743,3,-0.01581,0.00665,-0.82361,0.56689,0.75781,-0.28906,-7.64453,-1.39844,-1.36523,-0.04688,-1.93566,-0.01850,-0.02889
10,11718,3,-0.02460,0.00818,-0.82349,0.56671,0.81641,-0.01953,-7.62891,-1.72852,-1.51172,-0.06641,-1.93544,-0.03125,-0.04138
11,7813,3,-0.03442,0.01038,-0.82336,0.56635,1.17969,0.13672,-7.34766,-2.06641,-1.61523,-0.08789,-1.93529,-0.04495,-0.05617
12,9765,3,-0.04626,0.01379,-0.82312,0.56580,1.17578,0.27734,-7.05469,-2.37305,-1.66797,-0.12305,-1.93490,-0.06059,-0.07527
13,9766,3,-0.06000,0.01843,-0.82281,0.56488,0.92188,0.32031,-6.70703,-2.66406,-1.67383,-0.15625,-1.93450,-0.07798,-0.09857
14,10742,3,-0.07349,0.02386,-0.82239,0.56366,0.19922,0.02734,-5.81250,-2.91992,-1.63867,-0.15820,-1.93408,-0.09410,-0.12295
15,9766,3,-0.08875,0.03088,-0.82172,0.56207,-0.47266,-0.04297,-5.25000,-3.17188,-1.58984,-0.10547,-1.93326,-0.11136,-0.15205
16,9766,3,-0.10394,0.03882,-0.82080,0.56036,-1.51562,-0.16797,-4.44531,-3.36133,-1.58008,0.02539,-1.93185,-0.12747,-0.18270
17,10742,3,-0.11951,0.04773,-0.81927,0.55872,-2.12500,-0.58203,-3.62500,-3.52734,-1.65430,0.19727,-1.92906,-0.14298,-0.21561
18,11718,3,-0.13568,0.05731,-0.81708,0.55743,-2.00391,-2.20703,-1.40625,-3.71875,-1.76758,0.37305,-1.92419,-0.15848,-0.25064
19,7813,3,-0.15216,0.06726,-0.81396,0.55652,-1.31250,-3.06641,0.40234,-3.84961,-1.79297,0.55078,-1.91700,-0.17373,-0.28706
20,9766,3,-0.16968,0.07800,-0.80994,0.55603,-0.42578,-3.82031,2.62109,-3.87305,-1.58203,0.74805,-1.90710,-0.18923,-0.32653
21,10742,3,-0.18787,0.09015,-0.80475,0.55585,1.16016,-5.09375,7.24219,-3.70898,-1.16211,0.94141,-1.89447,-0.20355,-0.36977
22,9765,3,-0.20349,0.10242,-0.79926,0.55609,1.83984,-5.03906,9.32422,-3.21094,-0.61914,1.04102,-1.88134,-0.21300,-0.41051
23,9766,3,-0.21619,0.11481,-0.79376,0.55682,2.29688,-4.59766,10.91406,-2.44531,-0.14453,0.99219,-1.86850,-0.21704,-0.44800
24,10742,3,-0.22498,0.12616,-0.78882,0.55786,2.58203,-4.07031,11.76562,-1.59766,0.08789,0.81836,-1.85761,-0.21585,-0.47884
25,9766,3,-0.23022,0.13531,-0.78491,0.55908,2.62109,-2.83984,12.09766,-0.86523,0.03516,0.68359,-1.84935,-0.21169,-0.50133
26,12695,3,-0.23285,0.14111,-0.78223,0.56036,2.66016,-2.33984,11.92969,-0.37109,0.02344,0.61914,-1.84351,-0.20762,-0.51472
27,6836,3,-0.23389,0.14429,-0.78021,0.56195,2.42969,-2.00781,11.87500,-0.06641,0.13672,0.63672,-1.83853,-0.20421,-0.52169
28,9766,3,-0.23376,0.14612,-0.77844,0.56396,2.88281,-1.67188,12.03125,0.05469,-0.25000,0.08398,-1.83363,-0.20047,-0.52497
29,10742,3,-0.23370,0.14648,-0.77740,0.56531,3.23438,-0.13281,11.30078,0.95312,0.03320,-0.64062,-1.83040,-0.19906,-0.52578
30,9766,3,-0.23285,0.14398,-0.77863,0.56464,3.75781,-0.63672,11.62500,1.12891,-0.07227,-0.47852,-1.83298,-0.20136,-0.52037
31,9765,3,-0.23029,0.13928,-0.78113,0.56342,3.06641,-1.61328,10.07422,1.38477,0.06250,-0.29688,-1.83857,-0.20423,-0.50888
32,10742,3,-0.22711,0.13422,-0.78314,0.56311,1.36328,-1.95312,9.02344,1.63477,0.20117,-0.17383,-1.84245,-0.20602,-0.49618
33,9766,3,-0.22229,0.12830,-0.78522,0.56354,1.08984,-1.77734,8.25000,1.91797,0.37695,-0.07031,-1.84604,-0.20594,-0.47999
34,9766,3,-0.21619,0.12207,-0.78711,0.56464,0.84375,-1.71484,7.51172,2.12500,0.57617,0.03516,-1.84895,-0.20389,-0.46177
35,9765,3,-0.20856,0.11542,-0.78900,0.56628,0.46094,-1.64844,6.83594,2.29492,0.68945,0.08594,-1.85165,-0.19971,-0.44096
36,10742,3,-0.19965,0.10858,-0.79083,0.56824,-0.28125,-1.19922,5.23047,2.39062,0.68945,0.09961,-1.85427,-0.19359,-0.41833
37,9766,3,-0.19025,0.10144,-0.79260,0.57037,-0.53125,-1.25000,4.30859,2.40234,0.59375,0.10352,-1.85656,-0.18694,-0.39468
38,9766,3,-0.18073,0.09387,-0.79419,0.57251,-0.69922,-1.46094,3.55078,2.38086,0.42969,0.10547,-1.85849,-0.18056,-0.37034
39,9765,3,-0.17206,0.08618,-0.79547,0.57465,-0.69141,-1.71094,2.62109,2.37500,0.26562,0.13086,-1.85954,-0.17558,-0.34700
40,12696,3,-0.16351,0.07764,-0.79651,0.57690,-0.34375,-1.85156,2.44141,2.44141,0.17969,0.17773,-1.85990,-0.17174,-0.32257
41,7812,3,-0.15582,0.06909,-0.79724,0.57910,0.25391,-1.83203,2.48047,2.56445,0.16406,0.20312,-1.85959,-0.16924,-0.29930
42,9766,3,-0.14777,0.05975,-0.79773,0.58160,0.88281,-1.87500,2.39453,2.66797,0.17383,0.19922,-1.85853,-0.16702,-0.27441
43,9765,3,-0.13910,0.04962,-0.79816,0.58411,2.32812,-1.32031,1.97656,2.75195,0.20117,0.13086,-1.85752,-0.16481,-0.24754
44,10743,3,-0.13910,0.04962,-0.79816,0.58411,3.07422,-1.00391,1.59375,2.83203,0.22070,-0.02734,-1.85752,-0.16481,-0.24754
45,9765,3,-0.12128,0.02899,-0.79919,0.58795,3.62500,-0.69531,1.14062,2.91602,0.21094,-0.26953,-1.85751,-0.16045,-0.19261
46,9766,3,-0.11200,0.01813,-0.80017,0.58893,4.21484,-0.17188,0.04297,2.93945,0.17969,-0.52930,-1.85959,-0.15855,-0.16371
47,10742,3,-0.10242,0.00659,-0.80176,0.58875,4.30078,-0.19141,-0.43359,2.88086,0.16602,-0.76758,-1.86431,-0.15712,-0.13320
48,9766,3,-0.09314,-0.00494,-0.80383,0.58746,4.26953,-0.26562,-0.77734,2.77148,0.19727,-0.96094,-1.87130,-0.15619,-0.10292
49,9765,3,-0.08411,-0.01617,-0.80640,0.58514,4.19922,-0.40234,-1.12500,2.65820,0.26562,-1.11719,-1.88045,-0.15520,-0.07329
50,12696,3,-0.07513,-0.02686,-0.80927,0.58197,3.98828,-0.50000,-1.57812,2.54492,0.33594,-1.24219,-1.89126,-0.15347,-0.04452
51,7812,3,-0.06659,-0.03644,-0.81232,0.57825,3.84766,-0.67578,-1.78516,2.43359,0.41797,-1.34570,-1.90296,-0.15090,-0.01802
52,9766,3,-0.05762,-0.04590,-0.81573,0.57373,3.77344,-0.87109,-1.95312,2.33203,0.53320,-1.44336,-1.91633,-0.14720,0.00886
53,9765,3,-0.04810,-0.05505,-0.81946,0.56848,3.43750,-1.18359,-2.34375,2.25195,0.65820,-1.53516,-1.93114,-0.14189,0.03591
54,9766,3,-0.03857,-0.06323,-0.82324,0.56287,3.27734,-1.46484,-2.68750,2.14844,0.74219,-1.62305,-1.94631,-0.13510,0.06128
55,10742,3,-0.02905,-0.07062,-0.82709,0.55688,3.04297,-1.58984,-3.03125,2.06445,0.79297,-1.73242,-1.96185,-0.12705,0.08524
56,8789,3,-0.01947,-0.07739,-0.83105,0.55042,2.85938,-1.70312,-3.40625,1.99414,0.81445,-1.84375,-1.97802,-0.11783,0.10816
57,10742,3,-0.01019,-0.08350,-0.83502,0.54370,1.99609,-1.88281,-4.24219,1.91211,0.80859,-1.91992,-1.99428,-0.10803,0.12948
58,12696,3,-0.00049,-0.08972,-0.83942,0.53607,1.55859,-2.14062,-4.64844,1.78711,0.77344,-1.95117,-2.01229,-0.09716,0.15139
59,7812,3,0.00854,-0.09528,-0.84363,0.52832,1.17188,-2.29688,-5.00781,1.64258,0.75195,-1.95312,-2.03002,-0.08636,0.17126
60,9766,3,0.01721,-0.10046,-0.84790,0.52032,0.85156,-2.45312,-5.26172,1.48438,0.74609,-1.92383,-2.04797,-0.07543,0.18994
61,9765,3,0.02576,-0.10510,-0.85217,0.51196,0.16406,-2.47266,-5.85156,1.29102,0.73438,-1.88281,-2.06625,-0.06376,0.20740
62,10743,3,0.03345,-0.10889,-0.85620,0.50397,-0.03906,-2.53516,-6.13281,1.09180,0.70117,-1.84961,-2.08345,-0.05250,0.22229
63,8789,3,0.04059,-0.11188,-0.86011,0.49603,-0.27734,-2.55469,-6.41797,0.90234,0.62891,-1.83203,-2.10022,-0.04118,0.23508
64,10742,3,0.04669,-0.11407,-0.86383,0.48853,-0.90234,-2.38672,-7.12109,0.66406,0.50977,-1.80859,-2.11601,-0.03079,0.24526
65,9765,3,0.05231,-0.11566,-0.86780,0.48047,-0.91406,-2.27344,-7.37500,0.36914,0.40234,-1.78125,-2.13289,-0.02036,0.25376
66,10743,3,0.05658,-0.11639,-0.87164,0.47272,-0.85938,-2.07031,-7.51172,0.06250,0.32227,-1.75781,-2.14921,-0.01141,0.25932
67,9765,3,0.05969,-0.11597,-0.87555,0.46515,-0.78906,-1.86328,-7.65625,-0.23828,0.19531,-1.75586,-2.16534,-0.00336,0.26159
68,9766,3,0.06158,-0.11444,-0.87964,0.45758,-1.17969,-1.24219,-8.23828,-0.52344,-0.00391,-1.76562,-2.18178,0.00361,0.26063
69,10742,3,0.06213,-0.11206,-0.88379,0.45001,-1.36328,-1.05078,-8.50781,-0.81055,-0.29883,-1.80273,-2.19850,0.00897,0.25682
70,11719,3,0.06091,-0.10895,-0.88818,0.44220,-1.48438,-0.75000,-8.90625,-1.17188,-0.68164,-1.84961,-2.21622,0.01185,0.25002
71,7812,3,0.05762,-0.10516,-0.89270,0.43439,-1.60547,-0.76953,-9.49609,-1.63672,-1.09180,-1.87500,-2.23447,0.01151,0.24014
72,9766,3,0.05157,-0.10034,-0.89764,0.42603,-1.64453,-0.78906,-9.48828,-2.16992,-1.40820,-1.85352,-2.25454,0.00710,0.22601
73,10742,3,0.04248,-0.09369,-0.90302,0.41711,-1.66406,-0.70312,-9.21484,-2.57227,-1.60742,-1.79688,-2.27631,-0.00144,0.20610
74,9766,3,0.03149,-0.08569,-0.90814,0.40851,-1.50391,-0.58984,-8.79297,-2.86914,-1.71875,-1.73242,-2.29734,-0.01281,0.18241
75,9765,3,0.01904,-0.07642,-0.91309,0.40015,-1.10938,-0.70703,-7.53125,-3.02148,-1.71875,-1.66406,-2.31759,-0.02638,0.15546
76,9766,3,0.00604,-0.06635,-0.91754,0.39203,-1.06641,-0.61719,-6.82422,-3.03125,-1.68555,-1.60352,-2.33663,-0.04094,0.12693
77,10742,3,-0.00739,-0.05566,-0.92169,0.38385,-1.17578,-0.47656,-6.18750,-3.02734,-1.64844,-1.51758,-2.35510,-0.05638,0.09725
78,11719,3,-0.02026,-0.04510,-0.92523,0.37616,-1.21875,-1.53516,-4.51172,-3.07812,-1.53906,-1.34961,-2.37175,-0.07149,0.06845
79,7812,3,-0.03271,-0.03448,-0.92822,0.36896,-1.39453,-2.28906,-3.54688,-3.20312,-1.33594,-1.04688,-2.38664,-0.08629,0.04004
80,9766,3,-0.04498,-0.02277,-0.93060,0.36261,-1.57422,-2.75000,-2.60938,-3.19336,-1.02148,-0.69336,-2.39898,-0.10040,0.00980
81,10742,3,-0.05676,-0.00958,-0.93219,0.35742,-1.77734,-2.58203,-2.01172,-3.05469,-0.80859,-0.47656,-2.40803,-0.11291,-0.02286
82,9766,3,-0.06677,0.00336,-0.93298,0.35370,-1.71094,-2.16406,-2.40234,-3.00977,-0.90625,-0.47852,-2.41355,-0.12252,-0.05393
83,9766,3,-0.07593,0.01556,-0.93335,0.35059,-1.53516,-2.14062,-2.50781,-3.14844,-1.09961,-0.56641,-2.41750,-0.13119,-0.08310
84,9765,3,-0.08612,0.02808,-0.93347,0.34698,-1.51953,-2.31250,-2.15625,-3.37500,-1.19727,-0.57422,-2.42175,-0.14178,-0.11357
85,10742,3,-0.09729,0.04114,-0.93335,0.34308,-1.17969,-3.49219,-0.17969,-3.70898,-1.17383,-0.35156,-2.42583,-0.15399,-0.14578
86,11719,3,-0.10889,0.05524,-0.93268,0.33948,-0.79688,-4.26953,0.71094,-3.84961,-1.48242,-0.15039,-2.42836,-0.16637,-0.18041
87,7813,3,-0.12115,0.07001,-0.93115,0.33667,-0.77734,-4.35547,2.22266,-3.41016,-1.01172,-0.01758,-2.42811,-0.17946,-0.21712
88,9765,3,-0.13306,0.08466,-0.92908,0.33453,-1.00781,-4.54688,5.02344,-2.90039,-0.25586,0.19141,-2.42583,-0.19178,-0.25365
89,9766,3,-0.14136,0.09839,-0.92700,0.33319,-0.18359,-4.39453,6.50391,-2.54883,0.44141,0.29883,-2.42292,-0.19780,-0.28599
90,10742,3,-0.14545,0.11163,-0.92517,0.33234,0.21484,-3.79297,6.16016,-2.49219,0.43359,0.41406,-2.42068,-0.19618,-0.31431
91,10742,3,-0.14740,0.12439,-0.92334,0.33197,0.50000,-3.24219,5.66406,-2.29883,0.35156,0.45703,-2.41845,-0.19078,-0.34016
92,8789,3,-0.14935,0.13641,-0.92133,0.33203,0.47656,-2.63281,6.23828,-1.94141,0.27539,0.42383,-2.41547,-0.18568,-0.36470
93,10742,3,-0.15112,0.14703,-0.91931,0.33228,0.32422,-2.66016,7.38281,-1.46094,0.24805,0.29492,-2.41240,-0.18114,-0.38649
94,9766,3,-0.15247,0.15558,-0.91760,0.33246,0.59375,-2.77344,8.25000,-0.83203,0.55469,0.50781,-2.40999,-0.17729,-0.40397
95,9766,3,-0.15222,0.16180,-0.91632,0.33313,0.64844,-3.35156,9.70312,-0.46680,1.08203,0.77148,-2.40783,-0.17202,-0.41580
96,12695,3,-0.15222,0.16180,-0.91632,0.33313,0.17578,-3.89453,11.40625,0.45703,1.93555,0.84375,-2.40783,-0.17202,-0.41580
97,7813,3,-0.14160,0.16956,-0.91510,0.33734,0.29297,-3.72656,10.50000,1.03516,2.31836,1.33789,-2.40401,-0.14527,-0.42265
98,9765,3,-0.12946,0.17053,-0.91528,0.34119,0.26953,-3.85156,9.71094,0.96484,2.20703,1.14648,-2.40247,-0.12091,-0.41529
99,9766,3,-0.11603,0.17059,-0.91541,0.34570,0.06641,-1.85938,8.30859,1.35938,1.47852,0.51172,-2.39995,-0.09461,-0.40530
100,10742,3,-0.10486,0.16888,-0.91589,0.34869,1.60938,-0.23828,2.30078,1.66406,0.61328,0.28320,-2.39921,-0.07437,-0.39365
101,9766,3,-0.09705,0.16394,-0.91699,0.35046,0.96094,-1.59766,3.61719,1.28711,0.49805,0.21094,-2.39939,-0.06311,-0.37839
102,9765,3,-0.09174,0.15826,-0.91797,0.35187,-0.28516,-0.96094,4.20703,1.47852,0.69727,0.22461,-2.39902,-0.05708,-0.36369
