lineno,aX,aY,aZ,gX,gY,gZ
0,0.7500,1.0400,-2.7900,-0.6818,-0.3360,1.7770
1,0.5300,1.0700,-2.8700,-0.6818,-0.3360,1.7770
2,0.3000,1.2000,-3.0900,-0.7069,-0.2378,1.7519
3,0.1400,0.4500,-3.3800,-0.8716,-0.0404,1.7006
4,0.0000,0.4200,-3.5800,-0.8956,0.0993,1.7224
5,-0.0500,0.6600,-3.9800,-0.9687,0.2749,1.7366
6,0.7700,0.0200,-4.8100,-1.1541,0.5072,1.7813
7,0.9900,-0.4500,-4.9000,-1.1541,0.5072,1.7813
8,0.7300,-0.1900,-4.7800,-1.3537,0.8781,1.8544
9,0.0400,-0.6800,-4.2400,-1.3963,1.6428,1.8141
10,-0.2500,-0.6300,-4.3000,-1.4061,1.8075,1.7061
11,-0.5300,-0.6300,-4.3700,-1.5010,1.8915,1.5839
12,-0.9500,-0.9300,-4.4200,-1.6613,1.9559,1.4977
13,-0.9900,-1.2100,-4.5900,-1.8555,2.0104,1.4464
14,-1.1000,-1.4400,-4.8200,-2.0289,2.1162,1.4148
15,-1.1200,-1.6800,-4.8900,-2.1588,2.2798,1.3799
16,-1.6500,-1.9000,-4.3800,-2.1664,2.4685,1.3592
17,-1.7500,-2.0900,-4.2600,-2.1664,2.4685,1.3592
18,-1.8200,-2.2600,-4.1500,-2.3267,2.7718,1.3112
19,-1.9800,-2.9400,-3.9300,-2.3693,2.8831,1.2828
20,-1.8700,-2.9800,-4.0200,-2.3693,2.8831,1.2828
21,-1.8800,-2.9900,-3.9200,-2.3344,3.0009,1.2610
22,-2.2300,-3.1900,-3.6600,-2.2962,3.1307,1.2326
23,-2.3600,-3.2800,-3.5200,-2.2384,3.2387,1.2261
24,-2.5900,-3.2600,-3.3900,-2.2166,3.3227,1.2152
25,-2.8200,-3.3000,-3.2600,-2.1948,3.3696,1.1988
26,-3.3700,-3.5300,-2.8000,-2.1686,3.3728,1.1759
27,-3.3300,-3.5100,-2.7300,-2.0737,3.3456,1.1628
28,-3.2400,-3.4000,-2.5700,-1.9646,3.3030,1.1497
29,-3.0400,-3.2900,-2.7100,-1.8610,3.2256,1.0919
30,-2.6300,-3.1300,-3.0000,-1.7857,3.1416,1.0439
31,-2.2400,-3.0300,-3.1600,-1.7344,3.0751,0.9905
32,-2.2200,-2.9600,-2.9700,-1.6570,3.0761,0.9359
33,-2.1600,-2.7600,-2.9600,-1.5370,3.1329,0.8825
34,-2.0400,-2.8000,-3.0800,-1.3908,3.1678,0.8476
35,-1.7400,-2.9800,-3.2100,-1.3112,3.1710,0.8247
36,-2.1000,-2.8300,-2.8500,-1.2490,3.1754,0.7898
37,-2.2800,-2.6900,-2.4700,-1.0876,3.2190,0.7483
38,-2.1800,-2.6700,-2.3200,-0.8999,3.2332,0.7527
39,-1.9500,-2.7800,-2.6500,-0.7679,3.1612,0.7701
40,-1.5900,-2.5400,-2.7600,-0.6730,3.0631,0.7461
41,-1.5000,-2.1700,-2.8200,-0.3916,3.0205,0.6130
42,-1.7200,-1.7500,-2.6300,-0.3120,3.0707,0.5618
43,-1.7000,-1.3900,-2.5300,-0.2476,3.0794,0.5400
44,-1.5800,-1.1900,-2.5900,-0.2083,3.0391,0.5400
45,-1.4400,-1.2100,-2.8800,-0.2411,2.9987,0.5432
46,-1.4500,-1.4400,-2.6500,-0.2913,3.0271,0.5640
47,-1.8600,-1.6500,-2.2100,-0.2913,3.0271,0.5640
48,-2.0900,-1.9100,-1.8600,-0.1963,3.1100,0.6109
49,-2.6200,-2.2300,-1.3900,-0.0524,3.0805,0.6283
50,-2.7900,-2.2400,-0.9800,0.1876,3.0052,0.6556
51,-2.7300,-2.1900,-0.7200,0.4287,2.8842,0.6840
52,-2.9300,-1.8500,-0.6300,0.4287,2.8842,0.6840
53,-2.6100,-1.5500,-0.7900,0.6480,2.7282,0.7123
54,-2.3500,-1.3200,-0.8900,0.8716,2.5460,0.7549
55,-2.1500,-0.7300,-1.0900,1.2195,2.2962,0.7985
56,-2.1600,-0.8400,-1.0700,1.2785,2.2242,0.7810
57,-2.1100,-1.1200,-1.0300,1.2785,2.2242,0.7810
58,-2.0200,-1.3200,-0.9400,1.2130,2.1609,0.6981
59,-2.5400,-1.4800,-0.5500,1.1334,2.0769,0.4298
60,-2.7900,-1.6500,-0.2000,1.1497,2.0115,0.3087
61,-3.0900,-1.7700,0.1400,1.2119,1.9166,0.2302
62,-3.5200,-1.8200,0.5700,1.2119,1.9166,0.2302
63,-3.4800,-1.8800,0.7100,1.3014,1.7846,0.1822
64,-3.4600,-1.7500,0.7500,1.4170,1.6362,0.1636
65,-3.3800,-1.5600,0.6500,1.6461,1.3199,0.1385
66,-3.2100,-1.4700,0.6200,1.7279,1.1628,0.0916
67,-3.2000,-1.5300,0.7100,1.7955,1.0265,0.0469
68,-3.0500,-1.7800,0.7700,1.8490,0.9010,-0.0022
69,-2.8700,-1.9700,0.5700,1.9100,0.7854,-0.0644
70,-2.7800,-1.8900,0.6000,1.9646,0.6992,-0.1593
71,-2.8000,-1.7700,0.6900,2.0246,0.6283,-0.2422
72,-2.7900,-1.5500,0.9800,2.0955,0.5640,-0.3022
73,-2.7100,-1.4300,1.0300,2.1642,0.4723,-0.3502
74,-2.5700,-1.1400,0.9700,2.2155,0.3676,-0.3774
75,-2.5000,-0.9500,1.0800,2.2471,0.2803,-0.3862
76,-2.5700,-0.9800,1.2300,2.2449,0.2073,-0.3938
77,-2.7700,-1.0200,1.4000,2.2275,0.1244,-0.4200
78,-3.0100,-1.1300,1.7000,2.2024,0.0229,-0.4625
79,-3.4000,-1.2800,1.9500,2.1893,-0.1080,-0.5192
80,-3.2500,-1.3700,2.0100,2.2198,-0.2683,-0.5880
81,-3.6900,-1.4200,2.3300,2.2198,-0.2683,-0.5880
82,-3.3700,-0.9500,2.0700,2.2929,-0.4123,-0.6567
83,-3.1800,-0.7000,1.9100,2.4020,-0.6043,-0.7396
84,-3.0100,-0.3100,1.6300,2.5329,-0.7887,-0.8149
85,-2.3500,0.5200,0.9400,2.7074,-1.0810,-0.8792
86,-2.1200,0.7000,0.8000,2.6660,-1.1443,-0.8661
87,-1.8700,0.8100,0.7700,2.6660,-1.1443,-0.8661
88,-1.3300,0.7900,0.4200,2.6202,-1.1454,-0.7898
89,-1.0800,0.8100,0.2900,2.4086,-1.1006,-0.7047
90,-0.9400,0.9700,0.2800,2.4086,-1.1006,-0.7047
91,-0.8000,0.9500,0.2700,2.3333,-1.0559,-0.6763
92,-0.5000,0.9000,0.2700,2.1217,-0.9676,-0.6643
93,-0.5100,0.9600,0.5300,2.0049,-0.9370,-0.6774
94,-0.6400,0.9600,0.6000,1.9068,-0.9577,-0.6785
95,-0.4800,0.9000,0.4700,1.9068,-0.9577,-0.6785
96,-0.3500,0.7100,0.4400,1.7824,-1.0407,-0.6687
97,-0.2900,0.6800,0.4300,1.6002,-1.1606,-0.6621
98,-0.1300,0.8400,0.3900,1.5817,-1.1748,-0.6600
99,-0.0300,0.8700,0.3700,1.5686,-1.1792,-0.6360
100,0.0300,0.8800,0.3800,1.5686,-1.1792,-0.6360
101,0.1000,0.7300,0.3600,1.5381,-1.1825,-0.5890
102,0.3300,0.5700,0.3200,1.4432,-1.1737,-0.5072
103,0.3700,0.5900,0.2800,1.4257,-1.1552,-0.4963
104,0.3200,0.5100,0.2700,1.3821,-1.1301,-0.4985
105,0.1500,0.7600,0.3800,1.3821,-1.1301,-0.4985
106,0.0000,0.8500,0.5000,1.3494,-1.1028,-0.4996
107,-0.0500,0.8900,0.4700,1.2468,-1.0952,-0.4843
108,0.1400,0.9400,0.3900,1.1923,-1.1377,-0.4461
109,0.2200,0.9700,0.3200,1.1290,-1.1803,-0.4243
110,0.3300,1.0500,0.2500,1.1290,-1.1803,-0.4243
111,0.3600,1.1400,0.1800,1.0243,-1.1966,-0.3425
112,0.4400,1.0500,0.2500,0.9577,-1.1683,-0.2825
113,0.4200,1.0400,0.1500,0.8967,-1.1454,-0.2193
114,0.4200,1.0000,-0.0200,0.8149,-1.1236,-0.1734
115,0.3600,1.3900,0.0000,0.7712,-1.0767,-0.1342
116,0.3400,1.5200,0.0500,0.7123,-1.0199,-0.0873
117,0.4100,1.4700,0.1000,0.5880,-0.9861,-0.0447
118,0.5200,0.7400,0.2300,0.5880,-0.9861,-0.0447
119,0.4200,0.5600,0.2700,0.4156,-0.9676,-0.0044
120,0.4600,0.2900,0.3700,0.2203,-0.9098,0.0327
121,-0.0300,-2.2400,1.6000,0.2323,-0.8399,0.0796
122,0.0000,0.2900,0.5000,0.6043,-0.8378,0.0229
123,0.7000,0.6000,0.1500,0.6043,-0.8378,0.0229
124,0.4500,0.2000,0.1700,1.1137,-1.0167,-0.0022
125,0.3100,-0.1800,0.5400,0.7592,-1.0079,-0.1244
126,0.0300,-0.4600,0.8800,0.7298,-0.9665,-0.0480
127,-0.2900,-0.5700,1.1500,0.7298,-0.9665,-0.0480
128,-0.3500,-0.2000,1.0200,0.7592,-0.9839,-0.0644
129,-0.1800,-0.0700,0.7800,0.8803,-1.1181,-0.0807
130,-0.1000,0.0000,0.6500,1.1170,-1.3461,-0.0589
