lineno,aX,aY,aZ,gX,gY,gZ
0,2.3500,4.1500,-2.6300,-0.1822,-1.8893,-0.6621
1,2.3800,5.2500,-2.9600,-0.1822,-1.8893,-0.6621
2,2.5700,5.8300,-3.4400,0.2214,-1.6101,-0.6229
3,3.5800,6.2700,-4.6700,0.1756,-1.4290,-0.5563
4,3.6700,5.3100,-4.8200,-0.0949,-1.1465,-0.5432
5,3.5900,6.1800,-4.5000,-0.1156,-0.8083,-0.6152
6,3.4200,6.3200,-4.8000,-0.0044,-0.5651,-0.4581
7,3.6600,6.3200,-5.0200,0.0589,-0.3785,-0.2825
8,3.7900,5.7900,-5.3200,0.0404,-0.1996,-0.0818
9,4.1500,5.2600,-5.8800,0.0698,0.0295,0.0654
10,4.8100,5.1500,-6.4100,0.1374,0.3600,0.1669
11,4.7800,5.2000,-6.5400,0.1953,0.7079,0.2923
12,4.8000,5.0900,-6.7800,0.2193,1.0385,0.4298
13,4.6500,4.9300,-7.0200,0.2313,1.4006,0.5498
14,4.1000,4.9100,-6.9500,0.2389,1.7944,0.6283
15,3.5900,4.8000,-6.8400,0.2803,2.1631,0.7178
16,2.5900,5.0600,-6.6100,0.3622,2.4522,0.8247
17,2.2800,5.4200,-6.7300,0.4287,2.6736,0.9294
18,1.9600,6.1400,-6.7500,0.4494,2.9223,0.9894
19,1.5600,6.7000,-6.6100,0.3949,3.2409,1.0537
20,-0.0300,8.2800,-5.6300,0.3960,3.5845,1.1879
21,-0.8900,8.7400,-5.0300,0.3272,3.8986,1.3777
22,-1.7500,9.1000,-4.3300,0.1680,4.1648,1.5446
23,-3.9600,8.8200,-2.6200,-0.0033,4.3720,1.7497
24,-4.7400,8.7600,-1.8300,-0.0033,4.3720,1.7497
25,-5.5700,8.7900,-1.0400,-0.0338,4.5989,2.2438
26,-7.3300,7.4600,0.9500,-0.0055,4.6808,2.5285
27,-8.4500,6.7900,2.1700,-0.0338,4.7637,2.7282
28,-9.1600,6.1200,3.4000,-0.0338,4.7637,2.7282
29,-9.5800,5.5700,4.2900,-0.1440,4.6677,2.7631
30,-8.9500,5.6800,4.3400,-0.2869,4.4331,2.7216
31,-8.4100,5.6700,4.4500,-0.5323,4.0503,2.6300
32,-8.4400,6.4500,4.9000,-0.5476,4.0001,2.6638
33,-6.9700,6.6500,4.7300,-0.6294,3.6914,2.7936
34,-6.2900,5.8800,4.7000,-0.8530,3.4296,2.9725
35,-5.4700,5.2200,4.4900,-0.8530,3.4296,2.9725
36,-4.2300,4.1200,3.8100,-0.9556,3.2332,3.0980
37,-4.0800,4.5300,4.1800,-0.9261,3.1612,3.1787
38,-4.8700,5.0000,5.5700,-0.8116,3.2332,3.2747
39,-5.6000,4.0700,6.8300,-0.6414,3.2670,3.3696
40,-4.8600,2.4000,7.2800,-0.5552,3.0358,3.5016
41,-4.9100,1.8900,7.9700,-0.5094,2.6627,3.6390
42,-4.9200,1.2700,8.3300,-0.5094,2.4958,3.7361
43,-6.1000,-0.7400,9.6700,-0.4385,2.3955,3.9270
44,-5.9700,-1.2700,10.2400,-0.3883,2.1348,3.6728
45,-6.3400,-1.9600,10.4400,-0.4952,1.7802,3.3979
46,-6.2100,-5.0400,10.6100,-0.6883,1.3352,3.0478
47,-6.6300,-6.1000,11.3900,-0.7734,0.9785,2.8133
48,-7.1100,-7.4100,12.3200,-0.7734,0.9785,2.8133
49,-7.1300,-8.2800,12.7400,-0.7996,0.6796,2.5580
50,-7.7400,-8.0500,13.5900,-0.7843,0.2193,2.2864
51,-7.5200,-9.3000,13.4800,-0.8083,-0.2629,1.9973
52,-7.0900,-10.3500,13.0400,-0.9141,-0.7767,1.6624
53,-6.5500,-9.4300,12.3200,-0.9697,-1.3319,1.2501
54,-6.3300,-8.5500,11.8000,-1.0014,-2.2231,0.1374
55,-6.2900,-7.8400,11.2400,-1.0537,-2.6158,-0.4451
56,-5.9700,-7.1400,9.9600,-1.0636,-3.0325,-0.9130
57,-5.6500,-6.3200,9.1000,-0.9545,-3.4558,-1.3232
58,-5.3300,-5.5700,8.2200,-0.8345,-3.7350,-1.6919
59,-4.0200,-3.1100,6.1000,-0.8345,-3.7350,-1.6919
60,-3.2400,-1.7800,4.6500,-0.4865,-4.3361,-2.2591
61,-2.6700,-0.4700,3.3900,-0.4494,-4.6338,-2.5351
62,-1.9500,0.8300,2.2400,-0.5487,-4.8749,-2.8394
63,-0.2400,2.8300,0.1300,-0.5487,-4.8749,-2.8394
64,0.0200,2.4100,-0.1900,-1.1956,-4.8029,-3.1820
65,-0.1600,2.4300,-0.2100,-1.1956,-4.8029,-3.1820
66,0.3600,2.2400,-1.0000,-1.4846,-4.4931,-3.2147
67,0.4900,2.7000,-1.3200,-1.4792,-4.3055,-3.2038
68,0.5400,3.6000,-1.5200,-1.3843,-4.1386,-3.2550
69,1.1400,5.0300,-1.7400,-1.1541,-3.9815,-3.3041
70,1.1000,5.5000,-1.7800,-0.8934,-3.7514,-3.3074
71,1.2400,5.8800,-1.8500,-0.9588,-3.6674,-3.2998
72,1.5300,5.9700,-1.9100,-1.0897,-3.5768,-3.2758
73,1.9800,5.6500,-1.5200,-1.0897,-3.5768,-3.2758
74,1.5900,5.6800,-1.1500,-1.1759,-3.4099,-3.2343
75,1.2800,5.4300,-0.8800,-0.9872,-3.0478,-2.9060
76,1.4500,5.0500,-0.7400,-0.9490,-2.9452,-2.7391
77,1.2200,4.9800,-0.9200,-0.9283,-2.8754,-2.6245
78,1.1100,5.2200,-1.0300,-0.9283,-2.8754,-2.6245
79,1.5100,5.4700,-1.5300,-0.8956,-2.7969,-2.5427
80,1.7100,5.4200,-1.7400,-0.8759,-2.6725,-2.4849
81,1.8200,5.7000,-1.7500,-0.7232,-2.3038,-2.3082
82,1.9800,5.7900,-1.6400,-0.7134,-2.0464,-2.1849
83,2.1800,5.7300,-1.3800,-0.7134,-2.0464,-2.1849
84,2.2700,6.0300,-1.3100,-0.7647,-1.8315,-2.0813
85,2.0000,6.0700,-1.1400,-0.7069,-1.6635,-1.9799
86,2.1800,5.6700,-1.1300,-0.6381,-1.5043,-1.8446
87,2.0800,5.3100,-1.2800,-0.5989,-1.3974,-1.6777
88,2.0600,5.1100,-1.1800,-0.5760,-1.3504,-1.5053
89,2.1300,5.0700,-1.1500,-0.5596,-1.2697,-1.3646
90,2.1800,5.1100,-1.0700,-0.4287,-1.0963,-1.1039
91,1.9900,5.1200,-0.8500,-0.3927,-0.9719,-1.0036
92,1.7100,5.0300,-0.5200,-0.3796,-0.8443,-0.9043
93,1.5400,4.5700,-0.4500,-0.3796,-0.8443,-0.9043
94,1.5600,4.0400,-0.4600,-0.3840,-0.7712,-0.7930
95,1.6400,3.7700,-0.4800,-0.4200,-0.6796,-0.6567
96,1.8900,3.8400,-0.7300,-0.4200,-0.6796,-0.6567
97,2.0600,4.2500,-0.8900,-0.2771,-0.6207,-0.6130
98,2.2800,4.4500,-0.9800,-0.1898,-0.5552,-0.6196
99,2.8800,4.1500,-1.7400,-0.1658,-0.5247,-0.6043
100,3.2000,4.0400,-2.1200,-0.1265,-0.5116,-0.4723
101,3.5500,3.9800,-2.5200,-0.1331,-0.4440,-0.4549
102,3.9700,3.9100,-3.1400,-0.1124,-0.3163,-0.4429
103,4.0800,4.1000,-3.4200,-0.0774,-0.1276,-0.4102
104,4.1700,4.0900,-3.5400,-0.0120,0.1004,-0.3545
105,4.2100,3.9900,-3.4500,0.0556,0.3512,-0.2793
106,4.0800,3.8100,-3.1700,0.0556,0.3512,-0.2793
107,3.9300,4.1500,-3.0400,0.1713,0.7941,-0.1156
108,3.8800,4.3100,-2.9300,0.1713,0.7941,-0.1156
109,3.9400,4.6400,-3.1200,0.1582,0.9654,-0.0938
110,4.1300,4.6000,-3.3800,0.0338,1.2588,0.0109
111,4.3700,4.3500,-3.6400,-0.0513,1.4334,0.0982
112,4.3500,4.3600,-3.7600,-0.1036,1.6624,0.1658
113,4.3500,4.3900,-3.7100,-0.1167,1.9330,0.2345
114,4.3400,4.2600,-3.6600,-0.1494,2.1806,0.3163
115,4.1700,4.1100,-3.7100,-0.1494,2.1806,0.3163
116,3.7800,3.3800,-3.6500,-0.1724,2.3867,0.4407
117,3.6500,3.3900,-3.8800,-0.2138,2.5711,0.5705
118,3.4400,2.8900,-3.9900,-0.1833,2.8525,0.7374
119,2.4800,2.6000,-4.2400,-0.1734,3.0216,0.7952
120,2.1900,2.7100,-4.3900,-0.1156,3.2147,0.8323
121,1.4900,2.7100,-4.2300,-0.1156,3.2147,0.8323
122,-0.4400,2.7000,-3.5300,-0.0873,3.4394,0.8279
123,-1.3500,2.4900,-2.9800,-0.0273,3.8103,0.9141
124,-2.5700,2.8800,-2.4700,0.0633,3.8910,1.0145
125,-4.4800,3.1400,-1.3200,0.1625,3.9859,1.0570
126,-9.8900,2.5500,3.2100,0.1014,4.0939,1.0036
127,-12.7000,2.4000,5.7600,0.0273,4.0972,0.8759
128,-14.8100,1.9100,8.3900,0.0273,4.0972,0.8759
129,-16.4500,-0.0300,11.9900,-0.0065,3.9084,0.7799
130,-15.7300,-0.1400,12.4200,-0.0633,3.4765,0.7952
131,-14.3900,0.8100,11.7400,0.0600,2.7827,0.7581
132,-11.5700,2.7700,10.2400,0.2923,1.9635,0.5629
133,-10.1800,3.3000,9.4300,0.3316,1.2054,0.1527
134,-8.8700,3.5000,8.5600,0.2171,0.6425,-0.1560
135,-7.6700,3.5600,7.7000,0.1527,-0.0818,-0.2345
136,-5.0200,3.6000,6.2100,0.1811,-0.3491,-0.1953
137,-3.0200,3.1200,5.2100,0.3131,-0.5836,-0.1080
138,-2.5400,4.9900,3.9200,0.3131,-0.5836,-0.1080
139,-0.4000,5.2000,2.5600,0.5465,-0.7974,-0.1800
140,0.2400,5.3000,1.9300,0.3392,-0.9403,-0.2160
141,0.4300,4.9900,1.5400,0.1898,-0.9228,-0.1091
142,0.8000,4.0900,1.0000,-0.0611,-0.8639,-0.0491
143,0.7300,3.8100,0.8100,-0.0611,-0.8639,-0.0491
144,0.6200,3.4000,0.6100,-0.2258,-0.7756,-0.0251
145,0.6000,2.8200,0.5200,-0.3545,-0.5520,0.1473
146,0.3100,2.8500,0.7400,-0.2640,-0.3556,0.2094
147,0.1500,3.0800,0.9500,-0.0731,-0.1571,0.2509
148,-0.2300,3.2200,1.3000,-0.0731,-0.1571,0.2509
149,-1.1400,2.8500,2.0700,0.0251,-0.0196,0.2803
150,-1.3000,2.9100,2.2000,0.0196,0.0687,0.3098
151,-1.3800,3.2400,2.1400,-0.0207,0.0513,0.3316
152,-1.6200,3.8200,1.9100,-0.0065,-0.0349,0.2782
153,-1.4900,3.8300,1.7800,0.0393,-0.1189,0.2574
