lineno,aX,aY,aZ,gX,gY,gZ
0,0.1000,-0.3100,-3.5000,-0.9719,-0.5105,-0.3556
1,0.2400,-1.5800,-3.5500,-1.0614,-0.4331,-0.5498
2,-0.6400,1.8400,-3.5900,-0.9654,-0.2673,-0.8149
3,-0.7400,1.8400,-3.6400,-0.5967,-0.0567,-1.0232
4,-0.8500,2.5800,-4.0100,-0.7199,0.0480,-1.0930
5,-0.9800,2.8600,-4.5300,-1.2097,0.1702,-0.8301
6,-0.9600,2.6500,-4.9900,-1.2097,0.1702,-0.8301
7,-0.7200,2.9500,-5.5200,-1.8097,0.5269,-0.6425
8,-0.7200,3.2600,-5.8000,-2.1620,0.7232,-0.7047
9,-0.8800,3.7000,-6.1600,-2.3540,0.9065,-0.6785
10,-0.8400,3.5900,-6.3400,-2.3540,0.9065,-0.6785
11,-0.7700,3.4900,-6.6500,-2.5264,1.1126,-0.5847
12,-0.6200,3.4500,-7.0200,-2.6714,1.3472,-0.4560
13,-0.3000,3.4400,-7.4100,-2.8656,1.6188,-0.4091
14,-0.0600,3.2600,-7.7700,-3.1863,2.3082,-0.3076
15,-0.0600,3.2300,-7.7700,-3.1623,2.7369,-0.1625
16,-0.0300,3.6000,-7.7200,-3.1918,3.1525,-0.0687
17,0.1600,3.6500,-7.7100,-3.2387,3.5157,0.0316
18,0.1800,3.3000,-7.4600,-3.2452,3.8583,0.1865
19,0.5000,4.0800,-7.6700,-3.2452,3.8583,0.1865
20,0.7900,4.6200,-7.6700,-3.2409,4.1582,0.3174
21,1.1300,4.9800,-8.1000,-3.4263,4.5248,0.4701
22,0.7300,4.0300,-8.3900,-3.6816,4.9022,0.7123
23,-0.3500,4.3800,-7.9300,-3.8692,5.4072,1.0799
24,-2.1300,4.0800,-6.5000,-3.2823,6.3672,2.6158
25,-3.9000,4.2200,-5.3800,-3.2823,6.3672,2.6158
26,-3.8800,3.7700,-4.9800,-2.0769,6.5744,4.5411
27,-5.4900,3.0300,-3.9300,-2.0769,6.5744,4.5411
28,-5.4400,2.5000,-2.6900,-1.4912,6.7348,5.2065
29,-6.5600,2.6300,-1.2700,-0.7625,6.5646,5.6309
30,-6.4900,1.6000,-0.8300,-0.3360,6.4326,5.7421
31,-6.6700,0.2700,-0.4200,-0.4276,6.5123,5.0495
32,-8.0000,0.1500,1.2200,-0.3294,6.3770,4.7069
33,-8.0500,0.2900,2.0500,-0.1178,6.1196,4.5226
34,-8.7700,-0.8400,2.9800,-0.1178,6.1196,4.5226
35,-8.9000,-0.6200,3.6800,0.0469,5.5131,4.4004
36,-8.8200,-1.2200,4.3800,0.2029,4.9949,4.2706
37,-8.7100,-1.2600,4.8900,0.3589,4.5019,4.0623
38,-8.7400,-1.3200,5.1100,0.6043,3.9324,3.9314
39,-8.0900,-1.1200,5.1000,0.7058,3.3838,3.8125
40,-7.7900,-1.0200,4.8200,0.6676,2.8242,3.5856
41,-6.8800,-1.1900,4.1100,0.6578,2.2820,3.3303
42,-6.1200,-2.0000,3.5600,0.5923,1.8293,3.0936
43,-5.5100,-1.5000,3.0900,0.5814,1.5948,2.9267
44,-5.2200,-1.6900,2.9700,0.6120,1.4475,2.6704
45,-5.3800,-1.9500,2.7000,0.2422,1.3526,2.1838
46,-5.5600,-3.0300,3.0200,0.2422,1.3526,2.1838
47,-5.8900,-3.8600,3.3400,0.1920,1.2174,2.1369
48,-6.2200,-4.1600,3.4900,0.4123,0.9948,2.1609
49,-6.1100,-4.6500,3.2800,0.6218,0.7254,2.0780
50,-5.6800,-4.6500,2.8500,0.6687,0.4211,1.8555
51,-5.5000,-4.6600,2.6900,0.6316,0.0153,1.1345
52,-5.6100,-4.2900,2.7100,0.5640,-0.1102,0.7789
53,-5.7500,-4.8900,2.7900,0.3818,-0.2716,0.4243
54,-5.7600,-5.2700,2.8100,0.3818,-0.2716,0.4243
55,-5.4600,-5.6400,2.3500,0.3218,-0.5258,0.1222
56,-5.3600,-5.5000,2.0400,0.4909,-1.2403,-0.4461
57,-5.2200,-5.0700,1.7700,0.6654,-1.5981,-0.7123
58,-5.2300,-4.6700,1.7100,0.6927,-1.9460,-1.0461
59,-5.2200,-4.6500,1.6200,0.6272,-2.3442,-1.4475
60,-5.3400,-4.6300,1.4900,0.6010,-2.7434,-1.8599
61,-5.4500,-4.4700,1.3000,0.6316,-3.1645,-2.3006
62,-5.0200,-4.0900,0.8200,0.6861,-3.5681,-2.7773
63,-4.8500,-3.9400,0.1800,0.7603,-3.8452,-3.2627
64,-4.7800,-3.4900,-0.3200,0.7603,-3.8452,-3.2627
65,-3.6900,-1.9200,-1.6700,0.8890,-3.9837,-3.7350
66,-3.8400,-0.9000,-2.0200,0.4167,-3.6019,-4.6295
67,-4.0200,0.4000,-2.1400,0.2749,-3.3358,-4.8891
68,-4.0700,1.1900,-1.8400,0.2073,-3.1743,-5.0091
69,-4.6500,1.5800,-1.4000,0.2073,-3.1743,-5.0091
70,-5.3500,1.7100,-0.8600,0.2105,-3.1383,-5.0375
71,-6.0200,1.1700,-0.4500,0.4811,-3.4994,-4.8477
72,-6.7500,-0.6900,-0.2000,0.8127,-3.8190,-4.6546
73,-7.3300,-1.3900,-0.3300,1.2392,-4.1833,-4.5444
74,-7.9200,-1.5800,-0.8800,1.2392,-4.1833,-4.5444
75,-6.7800,0.1300,-2.9900,1.7257,-4.6284,-4.5488
76,-5.8000,0.7000,-4.4100,2.3529,-5.3189,-4.9000
77,-4.9100,1.1000,-5.5400,2.4795,-5.3113,-4.9851
78,-1.3500,2.9600,-8.1400,2.5242,-5.0375,-4.9655
79,-0.2900,2.6900,-8.2200,2.1009,-4.3415,-4.9633
80,-0.3700,2.3200,-7.5700,2.1009,-4.3415,-4.9633
81,-0.6400,2.6100,-6.9900,1.8031,-3.4928,-4.9011
82,-0.7300,1.3400,-5.7000,1.8468,-2.8700,-4.6971
83,-1.1200,0.6900,-5.3600,1.7759,-2.5133,-4.5935
84,-1.5700,0.1900,-5.2100,1.7301,-2.3213,-4.5946
85,-2.1100,0.0000,-4.8200,1.7301,-2.3213,-4.5946
86,-2.4800,0.6300,-4.7700,2.1882,-2.2711,-4.4702
87,-2.4200,0.7600,-4.6800,2.3409,-2.2460,-4.3164
88,-1.3800,1.1800,-4.8800,2.3987,-2.1904,-4.1572
89,-1.0600,1.7300,-5.1000,2.3987,-2.1904,-4.1572
90,-0.9100,1.6600,-4.9800,2.3802,-2.0562,-4.0164
91,-1.2000,1.7100,-4.2900,2.1620,-1.5184,-3.7808
92,-1.8800,2.4000,-3.8100,2.1620,-1.5184,-3.7808
93,-2.1000,2.9900,-3.3000,2.0497,-1.2806,-3.7339
94,-2.3200,2.2900,-2.7200,1.8806,-1.1290,-3.7034
95,-2.7100,1.4500,-1.9300,1.4781,-0.9785,-3.4667
96,-2.9700,1.7800,-1.7300,1.4781,-0.9785,-3.4667
97,-2.8900,2.0500,-1.5900,1.5130,-0.9348,-3.3325
98,-2.0200,2.9100,-1.5700,1.6679,-0.9294,-3.0838
99,-1.4500,2.8700,-1.8400,1.8413,-0.9250,-2.3998
100,-0.7000,2.6400,-2.3200,1.8162,-0.8923,-2.1915
101,-0.0300,3.5900,-2.5800,1.8162,-0.8923,-2.1915
102,0.0200,3.5300,-2.5000,1.7530,-0.7374,-2.0944
103,-0.2700,3.4400,-2.2900,1.6068,-0.5072,-2.0224
104,-0.7300,3.4200,-2.0100,1.1945,-0.1745,-1.8468
105,-1.0800,2.7900,-1.4300,1.0341,-0.1265,-1.7639
106,-1.1100,2.4000,-1.2900,1.0068,-0.1473,-1.5981
107,-1.0000,1.8000,-1.1600,1.0385,-0.1833,-1.4203
108,-0.6300,1.7900,-1.4200,1.1290,-0.2083,-1.2719
109,-0.2100,1.8800,-1.6500,1.1290,-0.2083,-1.2719
110,0.1500,2.1400,-1.7800,1.2435,-0.2193,-1.1639
111,0.4600,2.9700,-1.8800,1.5130,-0.0436,-0.8138
112,0.5800,3.0300,-2.0400,1.4748,0.0818,-0.6730
113,0.5400,3.2300,-2.1500,1.4748,0.0818,-0.6730
114,0.4800,3.2300,-1.9800,1.3254,0.2073,-0.6141
115,0.1300,3.1700,-1.5700,1.0876,0.3414,-0.6250
116,-0.1400,2.8700,-1.2800,0.5323,0.5334,-0.6840
117,-0.4000,2.4700,-1.1000,0.5323,0.5334,-0.6840
118,-0.4900,2.5200,-1.0500,0.3305,0.5574,-0.6338
119,-0.4000,2.6500,-0.9300,0.2618,0.5411,-0.5280
120,-0.2900,2.5700,-0.9600,0.2760,0.5465,-0.3905
121,0.0400,1.7200,-0.9600,0.3174,0.5869,-0.0338
122,0.0400,1.4000,-0.8600,0.3262,0.6338,0.0774
123,-0.0700,1.5700,-0.6000,0.3949,0.7112,0.1778
124,-0.3100,1.6000,-0.4000,0.3949,0.7112,0.1778
125,-0.2900,1.5900,-0.4400,0.4211,0.7778,0.2454
126,-0.4300,1.6700,-0.3300,0.2520,0.7625,0.2793
127,-0.7300,1.8400,-0.0700,0.1953,0.7789,0.2891
128,-1.0100,2.0000,0.4200,0.1276,0.7810,0.3414
129,-1.0500,1.6300,0.4000,0.0164,0.7134,0.4342
130,-1.1800,1.7100,0.4600,-0.0360,0.6381,0.5421
131,-1.5300,1.8900,0.7600,-0.0360,0.6381,0.5421
132,-1.8800,2.1600,0.9100,-0.0185,0.6032,0.6676
133,-1.9300,2.2000,1.0000,0.0065,0.4887,1.1083
134,-1.7100,2.0700,0.9200,-0.0578,0.3305,1.3483
135,-1.7800,1.7600,0.8000,-0.2193,0.1429,1.4715
136,-1.5600,0.9500,0.5100,-0.4527,-0.0916,1.5293
137,0.6700,1.7900,-1.3500,-0.6370,-0.3480,1.3690
138,-1.3300,0.3400,-0.0700,-0.9207,-0.2945,0.8268
139,-1.4500,1.4100,-0.1200,-0.9207,-0.2945,0.8268
140,-1.5300,1.8100,0.0600,-0.4767,-0.1713,0.9501
141,-2.1700,1.4900,0.1400,-0.2727,-0.1702,1.1236
142,-1.9900,1.5700,-0.2700,-0.3218,-0.2978,1.2217
