lineno,aX,aY,aZ,gX,gY,gZ
0,-3.4300,2.1300,-4.9200,-2.1609,1.0450,2.0475
1,-3.6800,1.4800,-5.3600,-2.1609,1.0450,2.0475
2,-3.9300,1.3200,-5.4600,-2.2744,1.0854,2.1249
3,-3.9300,1.3200,-5.6600,-2.3475,1.1585,2.2024
4,-3.9300,1.1500,-5.9100,-2.3944,1.2217,2.2766
5,-4.2600,0.2600,-6.1900,-2.5035,1.2763,2.3093
6,-4.4000,-0.2400,-6.2300,-2.7413,1.3984,2.2886
7,-4.4500,-0.8100,-6.3100,-2.8438,1.4595,2.2460
8,-4.6500,-2.0500,-6.3400,-2.8885,1.5381,2.1893
9,-4.8500,-2.1700,-6.1500,-2.8329,1.6450,2.1173
10,-4.9200,-1.9400,-5.9200,-2.8329,1.6450,2.1173
11,-4.8500,-1.9400,-5.7100,-2.6594,1.7170,2.0846
12,-4.6100,-2.1800,-5.7100,-2.5449,1.7333,2.0759
13,-4.6200,-2.3500,-5.5400,-2.5329,1.7268,2.0780
14,-4.6600,-2.5900,-5.2700,-2.5045,1.7508,2.0595
15,-4.6600,-3.7000,-4.9400,-2.3726,1.8086,1.9046
16,-4.4500,-3.8200,-4.8300,-2.3726,1.8086,1.9046
17,-4.1100,-3.9100,-4.7300,-2.1500,1.7813,1.6264
18,-3.8600,-3.8800,-4.5700,-1.9886,1.7868,1.5021
19,-3.7300,-3.5800,-4.5000,-1.9886,1.7868,1.5021
20,-3.5400,-3.3600,-4.3800,-1.7901,1.7911,1.4508
21,-2.6900,-2.3400,-4.0900,-1.5697,1.7999,1.4628
22,-4.3800,-3.7100,-4.2400,-1.3843,1.7311,1.7246
23,-3.8400,-3.5700,-3.7900,-1.2348,1.9210,1.9330
24,-3.5700,-4.3500,-3.7600,-1.1661,1.8653,1.7399
25,-4.2300,-5.4000,-3.0400,-0.9577,1.9264,1.6646
26,-4.2400,-5.4800,-2.7100,-0.7178,1.9144,1.4977
27,-4.2800,-5.5900,-2.4300,-0.7178,1.9144,1.4977
28,-4.2200,-5.8800,-2.1300,-0.4603,1.8970,1.3559
29,-4.0900,-5.8800,-2.0400,-0.2302,1.8773,1.1803
30,-4.0100,-5.8000,-1.9100,0.2913,1.7748,0.9338
31,-4.4200,-5.7200,-1.6900,0.5651,1.7628,0.8454
32,-4.3900,-5.6600,-1.5500,0.8421,1.7159,0.7363
33,-4.3300,-5.7000,-1.4300,0.8421,1.7159,0.7363
34,-4.0200,-5.4600,-1.4000,1.0897,1.6624,0.6087
35,-4.6000,-5.2400,-1.0500,1.4759,1.6690,0.2683
36,-2.7200,-4.9100,-1.5700,1.6253,1.4126,0.0164
37,-2.7400,-4.6900,-1.5800,1.6886,1.3406,-0.1604
38,-2.3100,-4.0500,-1.7200,1.7017,1.3766,-0.3872
39,-2.3300,-3.8300,-1.6400,1.7017,1.3766,-0.3872
40,-2.3400,-3.6000,-1.5300,1.7431,1.4224,-0.5945
41,-2.5200,-3.3400,-1.2500,1.7661,1.4879,-0.7483
42,-2.7000,-2.9200,-1.0800,1.7813,1.5228,-0.9087
43,-2.9700,-2.3300,-0.7400,1.8293,1.5337,-1.0799
44,-3.1600,-1.1000,0.0000,1.9515,1.5544,-1.2403
45,-3.1100,-0.5700,0.2800,2.0900,1.5479,-1.3243
46,-2.7400,0.0700,0.4600,2.2024,1.4955,-1.3897
47,-2.3100,0.4900,0.5900,2.2809,1.4017,-1.4301
48,-1.5000,1.9200,0.6100,2.3529,1.3046,-1.4388
49,-1.2100,2.5100,0.5500,2.4315,1.2097,-1.4017
50,-0.8600,3.1100,0.5500,2.4293,1.1345,-1.3723
51,-0.1800,2.9900,0.3400,2.3202,1.1148,-1.3614
52,-0.8600,4.0900,0.8300,2.1751,1.1083,-1.3450
53,0.5500,3.7100,0.8400,2.0235,1.2370,-1.2075
54,-0.1000,3.7300,1.2200,1.8991,1.2370,-1.4137
55,0.1400,3.5700,1.3600,1.7410,1.3330,-1.1737
56,-0.1300,3.1900,1.3900,1.6035,1.3374,-1.0123
57,0.1500,2.9200,1.4500,1.4901,1.2785,-0.7679
58,0.2800,2.4000,1.3900,1.4541,1.2010,-0.6512
59,0.5400,2.5500,1.3500,1.4966,1.1083,-0.5629
60,0.8100,2.7700,1.2600,1.5730,1.0134,-0.5105
61,1.3000,2.9000,1.2100,1.6319,0.9228,-0.4963
62,1.4700,3.0200,1.2900,1.5795,0.8421,-0.4080
63,1.5900,3.1500,1.3600,1.5795,0.8421,-0.4080
64,1.7400,3.2900,1.4100,1.5566,0.8508,-0.2934
65,1.5800,3.2700,1.6100,1.5064,0.8574,-0.2007
66,1.5300,3.3100,1.7800,1.4530,0.8803,-0.1102
67,1.5500,3.2200,1.9200,1.3886,0.8563,0.0665
68,1.6700,3.2400,2.1600,1.3483,0.8225,0.1418
69,1.7500,3.5100,2.2800,1.3155,0.7963,0.2291
70,1.7600,3.5200,2.4700,1.2414,0.7821,0.3371
71,1.7600,3.1600,2.8400,1.1334,0.7712,0.4712
72,1.6500,2.9700,3.0800,1.0581,0.7658,0.6316
73,1.5400,2.8500,3.2600,0.9883,0.7549,0.7952
74,1.1100,2.5300,3.5100,0.9098,0.7396,0.9370
75,0.8900,2.4700,3.6500,0.8410,0.7189,1.0450
76,0.7200,2.4200,3.7700,0.7614,0.6709,1.1203
77,0.6300,2.4000,3.8500,0.6730,0.6010,1.1770
78,0.6200,2.4000,3.8000,0.5836,0.5378,1.2348
79,0.6300,2.1300,3.7700,0.4494,0.4865,1.2839
80,0.5600,1.6500,3.7800,0.2509,0.4603,1.3199
81,0.0900,0.3900,3.8300,0.0524,0.4549,1.3319
82,-0.2400,-0.1500,3.8600,-0.1069,0.4451,1.3254
83,-0.5400,-0.6400,3.8600,-0.2345,0.4102,1.2948
84,-1.0100,-1.2200,3.7600,-0.3251,0.3523,1.2555
85,-1.2100,-1.3600,3.7300,-0.3698,0.2880,1.2163
86,-1.3600,-1.3000,3.6300,-0.3687,0.2083,1.2097
87,-1.5700,-0.9300,3.2800,-0.3556,0.1134,1.2337
88,-1.5700,-0.9300,3.1000,-0.3709,0.0295,1.2730
89,-1.7100,-1.2600,2.8400,-0.4571,-0.0327,1.3112
90,-1.8900,-1.6600,2.6900,-0.5956,-0.0731,1.3330
91,-2.3300,-2.4200,2.2400,-0.7385,-0.1025,1.3188
92,-2.4700,-2.7400,1.9700,-0.7385,-0.1025,1.3188
93,-2.6000,-3.0400,1.6900,-0.8563,-0.1320,1.2545
94,-2.7400,-3.4800,1.1200,-0.9959,-0.1898,1.0679
95,-2.9000,-3.3900,0.8500,-1.0221,-0.2073,0.9632
96,-3.0200,-3.5100,0.5800,-1.0254,-0.2182,0.8759
97,-3.3500,-3.5900,0.2800,-1.0254,-0.2182,0.8759
98,-3.5700,-3.5900,0.0900,-1.0276,-0.2258,0.8127
99,-3.7300,-3.7400,-0.0500,-1.0374,-0.2193,0.7581
100,-3.9400,-3.9700,-0.2400,-1.0657,-0.2236,0.6850
101,-3.6900,-4.6400,-0.7000,-1.1236,-0.2345,0.6021
102,-3.8100,-4.8200,-0.9300,-1.1956,-0.2836,0.4898
103,-3.8200,-4.8600,-1.1400,-1.2577,-0.2967,0.3403
104,-3.7300,-4.7700,-1.5000,-1.1781,-0.2531,0.1058
105,-3.5500,-4.7800,-1.6900,-1.0581,-0.2705,0.0305
106,-3.3700,-4.7000,-1.9500,-0.9338,-0.3054,-0.0360
107,-2.8300,-4.8000,-2.0800,-0.7974,-0.3392,-0.1134
108,-2.3200,-5.1700,-2.0200,-0.6250,-0.3687,-0.1505
109,-2.4900,-4.2600,-2.4800,-0.3163,-0.4189,-0.2160
110,-2.8000,-3.1900,-2.2900,0.0851,-0.4156,-0.3425
111,-2.2400,-2.2100,-2.2600,0.1974,-0.4320,-0.3425
112,-2.0600,-2.2700,-2.2400,0.1462,-0.4658,-0.3698
113,-1.9000,-2.4500,-2.2000,0.1462,-0.4658,-0.3698
114,-1.4900,-2.2400,-2.1500,-0.0185,-0.4756,-0.4374
115,-1.4700,-1.9600,-1.9800,0.0273,-0.4200,-0.5061
116,-1.5200,-1.8000,-1.7800,0.0273,-0.4200,-0.5061
117,-1.5200,-1.9200,-1.2200,0.0774,-0.3327,-0.5476
