lineno,aX,aY,aZ,gX,gY,gZ
0,-1.8600,-0.9500,-6.6000,1.0450,2.3300,-0.2280
1,-1.5300,-0.8000,-6.6400,1.0417,2.5013,-0.2683
2,-1.4000,-0.6600,-6.4100,1.0908,2.7140,-0.3174
3,-1.7000,-0.8200,-5.9100,1.2370,2.9747,-0.3251
4,-1.7600,-0.7000,-5.5300,1.4617,3.2234,-0.2934
5,-1.8000,-0.1500,-5.4000,1.8500,3.4427,-0.2356
6,-1.7800,0.0500,-5.4400,2.2711,3.6063,-0.2029
7,-1.8400,0.3100,-5.3400,2.6780,3.9783,-0.2389
8,-1.8600,0.6100,-5.2400,3.0194,4.2062,-0.1942
9,-1.5300,1.0300,-5.3000,3.0194,4.2062,-0.1942
10,-1.8000,1.5700,-5.1300,3.2507,4.4146,-0.2258
11,-1.3000,2.5500,-5.5600,3.0969,4.8793,-0.5934
12,-0.5200,3.2100,-5.8300,2.7456,5.3440,-0.8432
13,-2.3900,2.3300,-3.7600,2.7456,5.3440,-0.8432
14,-2.0000,3.1500,-3.7900,2.1478,6.0214,-1.0068
15,-0.7300,3.6000,-4.5200,2.0180,6.2603,-0.8498
16,-0.2000,2.5900,-5.0800,2.0944,6.8984,-0.1134
17,-4.8300,2.5900,-2.2900,2.2602,7.5475,0.1942
18,-5.2600,4.7100,-1.5700,2.9485,7.7133,0.8334
19,-5.6400,5.2800,-1.0200,3.0969,7.6064,0.9872
20,-8.8500,6.4100,2.1200,2.7849,7.4995,0.7745
21,-8.5800,6.2200,4.4100,2.7849,7.4995,0.7745
22,-12.0800,3.6500,6.9500,2.2013,7.2726,0.4723
23,-11.8900,0.6500,9.3100,1.4366,7.0304,0.2705
24,-10.8600,-0.0900,9.4800,0.7287,6.2799,-0.0720
25,-10.8600,-1.0800,9.4700,0.1713,5.3931,-0.1298
26,-9.8100,-0.8800,8.9900,-0.0633,4.6818,-0.2705
27,-9.5900,-0.9100,8.8900,0.0164,4.0393,-0.2116
28,-9.1300,-1.2600,8.6600,0.2258,3.3783,-0.1440
29,-9.0000,-1.0800,8.9200,0.4941,2.6202,-0.0676
30,-8.8300,-1.3800,9.0700,1.1159,1.2108,-0.0109
31,-9.1100,-1.8400,9.3600,1.1159,1.2108,-0.0109
32,-9.5800,-2.1600,9.8200,1.1977,0.6610,-0.0884
33,-10.6100,-0.9900,10.3000,1.6613,-0.6818,-0.3982
34,-9.6800,0.1300,9.6500,1.6613,-0.6818,-0.3982
35,-9.8800,0.2600,9.4000,1.7813,-1.6035,-0.7603
36,-9.8800,0.8500,8.7500,1.2588,-2.8525,-1.6450
37,-9.4900,1.7500,7.9300,1.2588,-2.8525,-1.6450
38,-8.9700,1.4100,6.9700,0.6512,-4.1146,-2.1555
39,-8.1300,1.3600,5.8800,0.2247,-4.6873,-2.1904
40,-7.0400,1.8500,4.3600,-0.0305,-5.1400,-2.0835
41,-6.3100,3.0300,3.2700,-0.0305,-5.1400,-2.0835
42,-5.6400,3.6400,2.4000,-0.1789,-5.5905,-2.0060
43,-5.2900,3.6800,1.9400,-0.2083,-6.0410,-1.8937
44,-5.4800,3.9500,1.4400,-0.2029,-6.4817,-1.8391
45,-5.5400,3.9500,0.7400,-0.0993,-6.9148,-1.8915
46,-3.8100,2.0100,-1.2800,-0.0011,-7.4253,-1.9919
47,-3.2000,0.8400,-2.2600,0.0000,-7.9882,-2.0780
48,-3.1300,0.1700,-3.1500,0.0698,-8.4987,-2.2297
49,-2.5000,0.4700,-4.2400,0.3065,-8.3492,-2.4402
50,-0.8100,2.7100,-4.7900,0.4669,-8.0034,-2.6682
51,-1.1700,3.2700,-4.7300,0.4603,-7.5267,-2.6693
52,-1.4400,3.1300,-4.6800,0.4603,-7.5267,-2.6693
53,-0.7500,2.9300,-4.9700,0.3720,-7.1798,-2.4271
54,-0.8500,2.3300,-5.1000,0.3022,-6.8482,-1.6995
55,-0.6000,2.6300,-5.4200,0.2127,-6.7272,-1.5283
56,1.0800,3.3100,-6.5100,0.2127,-6.7272,-1.5283
57,0.7700,3.2800,-6.3800,0.1047,-6.6061,-1.4857
58,0.2700,3.0100,-6.0900,-0.1571,-5.9832,-1.4323
59,0.4200,2.9800,-6.4700,-0.1898,-5.7770,-1.2774
60,1.7100,1.6000,-7.4400,-0.3447,-5.5523,-1.2501
61,2.0700,1.5700,-7.7600,-0.3447,-5.5523,-1.2501
62,2.7600,1.5900,-8.2200,-0.3054,-5.2393,-1.1606
63,3.6100,2.2800,-8.5300,-0.1505,-4.8477,-1.0505
64,3.2500,2.3200,-8.2100,0.0175,-4.3328,-0.9218
65,2.7000,2.1100,-7.7700,0.1909,-3.7241,-0.7047
66,2.2400,2.5600,-7.5400,0.2465,-3.1383,-0.4996
67,1.5800,2.4700,-7.3900,0.4014,-2.2809,-0.1331
68,0.8500,2.7900,-7.2700,0.4014,-2.2809,-0.1331
69,0.7400,3.4600,-7.6100,0.5171,-1.8828,0.1767
70,0.7000,3.7000,-7.9900,0.6752,-1.5195,0.3676
71,0.9100,4.1000,-8.2000,0.7025,-0.6992,0.7167
72,1.1300,4.4000,-8.5500,0.6152,-0.1887,0.8530
73,1.6600,4.7600,-9.6300,0.6152,-0.1887,0.8530
74,1.4400,4.2600,-9.6700,0.3643,1.1410,1.2719
75,1.2400,4.1000,-9.8900,0.3207,1.8839,1.5544
76,0.8800,3.9700,-10.3400,0.3829,2.5656,1.8217
77,0.3700,3.9500,-10.3400,0.4821,3.2605,2.0791
78,-0.1600,4.5900,-10.3100,0.4821,3.2605,2.0791
79,-1.9500,4.8600,-9.4900,0.9043,3.9314,2.5165
80,-2.0100,5.3500,-9.6800,1.3494,4.5815,3.0249
81,-2.0100,4.9700,-9.7600,2.0115,5.5840,4.0688
82,-1.9800,5.1500,-10.3700,2.0889,6.0661,4.3840
83,-2.1500,5.9300,-11.6600,2.0889,6.0661,4.3840
84,-2.4700,6.4700,-12.2400,1.9286,6.6552,4.5411
85,-3.4300,6.4500,-11.8500,1.5130,7.4275,4.5946
86,-8.5700,4.5400,-9.0500,1.1137,8.2172,4.7255
87,-8.9700,5.6200,-8.1600,0.8879,8.7845,5.0353
88,-10.0100,5.0800,-6.6900,1.4214,9.1455,5.7301
89,-12.7700,3.8000,-3.0400,1.8457,9.1324,6.1588
90,-12.1300,3.0500,-1.9400,1.7399,8.8794,6.0770
91,-12.2100,1.6100,-0.2300,1.8719,7.7296,5.8959
92,-12.1600,1.3700,1.4400,1.8719,7.7296,5.8959
93,-9.5000,1.8800,1.4600,1.8457,6.5068,5.3636
94,-7.4600,1.6200,0.4000,1.4203,5.7923,4.8738
95,-6.0200,2.2400,-0.4600,1.0123,5.2818,4.4015
96,-5.8200,2.6300,-1.2700,0.7439,5.0418,3.9728
97,-6.4100,3.2600,-0.6000,0.4898,5.0233,3.5354
98,-7.5600,2.6600,0.5100,0.4898,5.0233,3.5354
99,-9.0300,0.7600,1.6800,0.2694,4.9884,3.1165
100,-5.1800,1.8200,1.1000,-0.0251,4.2804,2.4882
101,-10.3700,1.1600,2.5600,-0.0251,4.2804,2.4882
102,-9.4000,1.0400,4.5100,-0.2683,4.3186,2.0115
103,-9.8700,-0.1000,4.9000,-0.2073,3.5899,1.6908
104,-9.4700,-1.7100,4.7100,-0.2073,3.5899,1.6908
105,-8.6900,-1.9200,4.2800,-0.4352,3.1830,1.6406
106,-7.5500,-2.2800,3.8000,-0.3611,2.1380,1.6177
107,-7.0900,-2.6400,3.6400,-0.3480,1.8391,1.4715
108,-6.5100,-2.9200,3.4400,-0.3545,1.5435,1.2828
109,-5.5800,-3.1900,3.1800,-0.3862,1.2446,1.0516
110,-5.2300,-3.1500,3.1700,-0.4025,0.9927,0.8138
111,-4.7900,-3.0300,3.1300,-0.4112,0.7461,0.5945
112,-4.1100,-3.0400,2.7500,-0.4494,0.4887,0.4385
113,-3.9000,-2.8000,2.6100,-0.4418,0.2302,0.2858
114,-3.7000,-2.6800,2.4200,-0.3927,0.0142,0.0818
115,-3.4800,-2.5300,2.1400,-0.3709,-0.1713,-0.1560
116,-2.9600,-1.8800,1.5500,-0.3316,-0.3272,-0.3774
117,-2.5200,-1.9800,1.1900,-0.3480,-0.4996,-0.5749
118,-2.2000,-2.0700,1.0000,-0.3480,-0.4996,-0.5749
119,-1.6700,-1.2800,0.6600,-0.5203,-0.6501,-0.8258
120,-1.4300,-1.1000,0.5500,-0.4898,-0.6970,-0.8247
121,-1.3200,-1.2500,0.4900,-0.5312,-0.7167,-0.8345
122,-1.1100,-1.8100,0.5100,-0.5705,-0.7352,-0.8672
123,-1.1900,-1.4200,0.6100,-0.5705,-0.7352,-0.8672
124,-1.2300,-0.9400,0.7200,-0.2858,-0.7898,-0.8639
125,-1.4800,-0.7500,0.8900,-0.1625,-0.8552,-0.8879
126,-1.6400,-0.3900,1.1500,-0.1036,-0.9697,-0.8879
127,-1.6900,-0.1600,1.2700,-0.0742,-1.2795,-0.9414
128,-1.8500,0.2100,1.3200,-0.1167,-1.4421,-0.9937
129,-1.5400,0.7500,1.1000,-0.2476,-1.6046,-1.0243
130,-1.4100,0.9900,0.9900,-0.4374,-1.7475,-1.0287
131,-1.4500,1.4700,1.0300,-0.4374,-1.7475,-1.0287
132,-1.3900,1.2400,1.4000,-0.9305,-2.1588,-0.7756
133,-1.0700,0.6300,1.3100,-1.1519,-2.4915,-0.6414
134,-0.2500,-0.2900,1.0400,-1.3472,-2.8787,-0.9054
135,-1.1000,0.1400,0.8100,-1.5817,-3.1132,-1.5043
136,-1.6600,-0.7000,1.8200,-1.5817,-3.1132,-1.5043
137,-1.7800,0.1500,1.8700,-1.5686,-3.2899,-1.7421
138,-2.0500,1.0300,2.1900,-1.3734,-3.4983,-1.9275
139,-1.5100,-1.0500,3.0200,-1.4868,-3.4263,-1.8250
