lineno,time,accurate,i,j,k,r,aX,aY,aZ,gX,gY,gZ,rx,ry,rz
0,1041992,3,-0.16986,0.07776,-0.39429,0.89984,-0.53906,1.43750,4.45312,0.00391,0.04492,-0.02344,-0.82709,0.00599,-0.37577
1,9766,3,-0.16980,0.07800,-0.39435,0.89978,-0.53125,1.24609,5.71484,0.15625,0.07617,-0.00977,-0.82734,0.00645,-0.37587
2,10742,3,-0.16937,0.07812,-0.39435,0.89984,-0.21484,0.70312,6.98047,0.38672,0.09766,-0.01953,-0.82740,0.00702,-0.37518
3,9765,3,-0.16797,0.07788,-0.39447,0.90002,0.47266,-0.73828,8.45703,0.66797,0.11133,-0.05078,-0.82759,0.00767,-0.37238
4,9766,3,-0.16541,0.07727,-0.39478,0.90045,0.33594,-1.55859,9.01172,0.97266,0.14648,-0.06250,-0.82795,0.00856,-0.36709
5,9766,3,-0.16144,0.07617,-0.39539,0.90100,-0.11719,-2.28125,9.12500,1.32227,0.14648,-0.05273,-0.82879,0.00960,-0.35881
6,9765,3,-0.15601,0.07446,-0.39606,0.90179,-0.80469,-2.80469,8.81641,1.68750,0.11523,-0.03125,-0.82953,0.01073,-0.34732
7,10743,3,-0.14929,0.07214,-0.39673,0.90283,-2.24609,-3.71094,7.72656,2.04492,0.01562,0.00977,-0.83004,0.01181,-0.33296
8,9765,3,-0.14032,0.06848,-0.39740,0.90430,-3.00391,-3.96484,6.82422,2.37891,-0.12695,0.07812,-0.83005,0.01233,-0.31332
9,9766,3,-0.13049,0.06390,-0.39764,0.90594,-3.53906,-4.12500,5.78516,2.69727,-0.31250,0.15430,-0.82898,0.01201,-0.29140
10,10742,3,-0.11932,0.05786,-0.39764,0.90790,-4.01562,-4.13672,4.40625,2.96289,-0.58008,0.26758,-0.82699,0.01017,-0.26582
11,9766,3,-0.10724,0.05029,-0.39703,0.91016,-5.20312,-3.67188,1.53906,3.11914,-0.90430,0.41016,-0.82344,0.00639,-0.23736
12,10742,3,-0.09485,0.04108,-0.39563,0.91260,-5.38281,-3.69531,0.08203,3.13672,-1.19141,0.57812,-0.81812,-0.00008,-0.20709
13,11719,3,-0.08246,0.03015,-0.39325,0.91522,-5.23828,-3.80078,-1.08984,3.07812,-1.39648,0.74023,-0.81080,-0.00966,-0.17556
14,6835,3,-0.07123,0.01898,-0.39008,0.91785,-4.69531,-3.47656,-2.86328,2.95508,-1.52344,0.92383,-0.80221,-0.02072,-0.14611
15,10743,3,-0.06012,0.00665,-0.38574,0.92059,-4.40625,-3.45703,-3.78125,2.78125,-1.60742,1.08789,-0.79160,-0.03414,-0.11616
16,9765,3,-0.04938,-0.00647,-0.38019,0.92358,-4.12500,-3.44141,-4.31250,2.60938,-1.63086,1.22852,-0.77886,-0.04951,-0.08650
17,9766,3,-0.04010,-0.01868,-0.37421,0.92627,-3.81641,-3.30859,-4.86328,2.42578,-1.65820,1.35742,-0.76593,-0.06466,-0.06047
18,10742,3,-0.03186,-0.03040,-0.36761,0.92896,-2.99609,-3.00000,-6.01172,2.20312,-1.67578,1.49219,-0.75216,-0.07998,-0.03697
19,9766,3,-0.02417,-0.04254,-0.35992,0.93170,-2.77734,-2.94922,-6.47266,1.98242,-1.66992,1.63477,-0.73659,-0.09682,-0.01448
20,9765,3,-0.01764,-0.05408,-0.35162,0.93439,-2.59766,-2.90625,-6.87891,1.77734,-1.64453,1.80469,-0.72014,-0.11371,0.00510
21,13672,3,-0.01227,-0.06488,-0.34277,0.93707,-2.56250,-2.91797,-7.28516,1.56641,-1.55469,1.99805,-0.70276,-0.13038,0.02167
22,6836,3,-0.00787,-0.07483,-0.33331,0.93982,-1.95312,-2.58984,-8.06641,1.30469,-1.48828,2.20117,-0.68424,-0.14642,0.03547
23,9766,3,-0.00446,-0.08429,-0.32263,0.94275,-1.87109,-2.42188,-8.72266,0.95312,-1.42188,2.46289,-0.66326,-0.16252,0.04662
24,9765,3,-0.00238,-0.09326,-0.31042,0.94598,-1.82812,-2.22656,-9.07422,0.54102,-1.24805,2.76953,-0.63903,-0.17889,0.05429
25,9766,3,-0.00208,-0.10059,-0.29773,0.94934,-1.12500,-1.75000,-9.50391,0.10156,-1.05664,3.04688,-0.61334,-0.19342,0.05705
26,10742,3,-0.00378,-0.10663,-0.28326,0.95306,-0.79297,-1.60547,-9.56250,-0.32031,-0.83203,3.26758,-0.58344,-0.20687,0.05438
27,9766,3,-0.00726,-0.11084,-0.26825,0.95691,-0.35547,-1.21875,-9.45703,-0.67773,-0.62305,3.34570,-0.55173,-0.21775,0.04669
28,9765,3,-0.01245,-0.11353,-0.25250,0.96082,0.44531,-0.98828,-9.48828,-0.96289,-0.46875,3.30273,-0.51788,-0.22638,0.03429
29,13672,3,-0.01917,-0.11493,-0.23627,0.96466,2.26953,-0.21875,-9.19531,-1.15430,-0.33984,3.05664,-0.48247,-0.23290,0.01781
30,6836,3,-0.02606,-0.11530,-0.22241,0.96777,2.99609,0.36719,-9.14844,-1.29102,-0.30078,2.67188,-0.45189,-0.23696,0.00087
31,9766,3,-0.03394,-0.11505,-0.20917,0.97052,3.42578,0.89062,-9.14062,-1.47461,-0.38281,2.36133,-0.42235,-0.23980,-0.01826
32,9766,3,-0.04285,-0.11481,-0.19708,0.97272,3.33203,0.98047,-9.42578,-1.82812,-0.31055,2.26953,-0.39502,-0.24260,-0.03926
33,9765,3,-0.05255,-0.11438,-0.18658,0.97437,3.12500,0.73047,-8.36719,-2.18750,-0.03906,2.26172,-0.37082,-0.24494,-0.06160
34,10742,3,-0.06390,-0.11273,-0.17651,0.97571,3.19922,0.90234,-7.84375,-2.49609,0.28711,2.23047,-0.34715,-0.24500,-0.08764
35,9766,3,-0.07635,-0.10931,-0.16699,0.97693,3.46875,1.05469,-7.39062,-2.75586,0.52734,2.09961,-0.32448,-0.24141,-0.11630
36,9766,3,-0.08960,-0.10449,-0.15826,0.97778,4.10547,1.33594,-6.90234,-3.00977,0.69141,1.92773,-0.30360,-0.23484,-0.14667
37,13671,3,-0.10492,-0.09796,-0.14978,0.97821,4.35547,1.17188,-6.40234,-3.33594,0.91406,1.69727,-0.28332,-0.22499,-0.18148
38,6836,3,-0.11993,-0.09106,-0.14325,0.97815,4.72266,0.95703,-5.85156,-3.62109,1.14453,1.41797,-0.26763,-0.21415,-0.21507
39,9766,3,-0.13690,-0.08252,-0.13782,0.97748,5.08594,0.81250,-5.44141,-3.89648,1.43750,1.17578,-0.25461,-0.20039,-0.25257
40,9766,3,-0.15588,-0.07214,-0.13373,0.97601,4.62891,-0.79688,-3.13672,-4.08594,1.89844,1.02148,-0.24507,-0.18355,-0.29409
41,10742,3,-0.17456,-0.06049,-0.13116,0.97400,4.28125,-1.25781,-1.84766,-4.09766,2.40039,0.95117,-0.23989,-0.16436,-0.33482
42,9765,3,-0.19336,-0.04645,-0.12952,0.97144,3.89453,-1.41797,-0.76953,-3.96094,2.71484,0.91211,-0.23825,-0.14079,-0.37607
43,12696,3,-0.21143,-0.03046,-0.12842,0.96844,2.87891,-1.12891,0.12891,-3.80664,2.79297,0.83789,-0.23967,-0.11354,-0.41620
44,6836,3,-0.22772,-0.01447,-0.12775,0.96521,2.57031,-0.64844,0.51953,-3.75391,2.76953,0.69922,-0.24330,-0.08621,-0.45284
45,10742,3,-0.24438,0.00244,-0.12750,0.96124,2.76953,-0.42578,1.03125,-3.79492,2.78125,0.46094,-0.24931,-0.05766,-0.49070
46,9766,3,-0.26123,0.01947,-0.12811,0.95654,3.26562,-0.71094,1.74609,-3.86914,2.88086,0.12891,-0.25823,-0.02969,-0.52934
47,9765,3,-0.27692,0.03516,-0.12994,0.95142,4.37891,-2.63672,3.80859,-3.83008,3.17578,-0.23828,-0.27001,-0.00507,-0.56578
48,9766,3,-0.29413,0.05292,-0.13397,0.94489,4.62891,-3.91797,5.79297,-3.62500,3.55078,-0.58203,-0.28833,0.02119,-0.60663
49,10742,3,-0.30939,0.07056,-0.13977,0.93799,4.67188,-4.85547,7.24219,-3.25781,3.73047,-0.89062,-0.31117,0.04589,-0.64441
50,9766,3,-0.32269,0.08832,-0.14734,0.93079,4.31641,-5.37109,8.31250,-2.83984,3.76758,-1.17773,-0.33851,0.06938,-0.67930
51,9765,3,-0.33490,0.10687,-0.15710,0.92291,2.19141,-7.73438,10.41797,-2.31836,3.66406,-1.41992,-0.37159,0.09217,-0.71353
52,10742,3,-0.33490,0.10687,-0.15710,0.92291,1.33594,-9.06250,11.84375,-1.60352,3.51172,-1.60352,-0.37159,0.09217,-0.71353
53,9766,3,-0.35144,0.13953,-0.17993,0.90814,0.44922,-9.86328,13.58984,-0.70508,3.30469,-1.79102,-0.44262,0.12728,-0.76715
54,9766,3,-0.35455,0.15234,-0.19214,0.90228,-0.44531,-10.26562,14.76953,0.17383,2.90820,-1.96094,-0.47711,0.13912,-0.78271
55,9765,3,-0.35413,0.16382,-0.20654,0.89728,-2.32031,-10.94922,14.52734,0.97656,2.38086,-2.08398,-0.51447,0.14824,-0.79086
56,10742,3,-0.35046,0.17139,-0.22070,0.89392,-3.12500,-10.80469,13.89844,1.79102,1.84766,-2.18945,-0.54772,0.15230,-0.79013
57,8790,3,-0.34375,0.17554,-0.23511,0.89203,-3.62891,-10.24609,13.41406,2.68164,1.28711,-2.29883,-0.57813,0.15212,-0.78096
58,10742,3,-0.33417,0.17596,-0.24933,0.89172,-4.36719,-8.82812,12.01562,3.52734,0.65820,-2.40234,-0.60465,0.14773,-0.76324
59,9765,3,-0.32074,0.17236,-0.26459,0.89301,-4.79688,-8.13672,10.77734,4.22656,0.02148,-2.42969,-0.62950,0.13855,-0.73481
60,10743,3,-0.30487,0.16473,-0.27930,0.89551,-5.12109,-7.66016,9.56250,4.72461,-0.49609,-2.37695,-0.65025,0.12506,-0.69848
61,12695,3,-0.30487,0.16473,-0.27930,0.89551,-5.05469,-7.46484,8.36328,5.08594,-0.79492,-2.25195,-0.65025,0.12506,-0.69848
62,6836,3,-0.26819,0.14056,-0.30603,0.90259,-4.08594,-6.85156,6.88672,5.46289,-0.98047,-2.19531,-0.68203,0.08972,-0.60951
63,9765,3,-0.24744,0.12555,-0.31836,0.90643,-3.42969,-6.79688,6.06250,5.71875,-1.13867,-2.20898,-0.69564,0.07012,-0.55840
64,10743,3,-0.22382,0.10815,-0.33093,0.91034,-3.10547,-7.23438,5.13672,5.85938,-1.15234,-2.12891,-0.70982,0.04880,-0.50024
65,9765,3,-0.20062,0.09094,-0.34235,0.91339,-2.96484,-7.14453,3.90625,5.94141,-1.09766,-2.05664,-0.72369,0.02877,-0.44332
66,9766,3,-0.17645,0.07349,-0.35315,0.91583,-3.02734,-7.21094,2.67578,5.93750,-1.05273,-1.95312,-0.73801,0.00997,-0.38453
67,9765,3,-0.15173,0.05621,-0.36340,0.91748,-3.30859,-6.98047,1.65234,6.01562,-1.07227,-1.88477,-0.75309,-0.00713,-0.32497
68,10743,3,-0.12671,0.03894,-0.37292,0.91833,-3.15625,-6.73438,0.93359,6.07422,-1.15625,-1.85352,-0.76842,-0.02299,-0.26493
69,12695,3,-0.10028,0.02057,-0.38214,0.91840,-2.96875,-6.03906,-0.93750,5.99414,-1.24023,-1.81250,-0.78468,-0.03887,-0.20143
70,7812,3,-0.07715,0.00403,-0.38971,0.91772,-3.10156,-5.73438,-1.75781,5.91211,-1.24609,-1.73047,-0.79930,-0.05276,-0.14545
71,8790,3,-0.05225,-0.01398,-0.39697,0.91626,-3.01172,-5.75391,-2.21875,5.82031,-1.12695,-1.59570,-0.81483,-0.06714,-0.08493
72,10742,3,-0.02618,-0.03247,-0.40375,0.91394,-2.99219,-5.91406,-2.47266,5.74023,-0.96484,-1.51172,-0.83110,-0.08058,-0.02171
73,9765,3,-0.00171,-0.04907,-0.40924,0.91113,-2.25000,-5.21875,-3.39844,5.60352,-0.84180,-1.47070,-0.84600,-0.09094,0.03721
74,10743,3,0.02264,-0.06476,-0.41412,0.90765,-2.22266,-5.24609,-4.04297,5.40430,-0.71484,-1.40234,-0.86082,-0.09896,0.09535
75,12695,3,0.04675,-0.07965,-0.41852,0.90350,-2.24609,-5.18750,-4.44141,5.16992,-0.60547,-1.30469,-0.87561,-0.10499,0.15258
76,6836,3,0.04675,-0.07965,-0.41852,0.90350,-2.12500,-4.11719,-5.31250,4.93750,-0.50000,-1.20312,-0.87561,-0.10499,0.15258
77,9765,3,0.09100,-0.10547,-0.42505,0.89441,-1.80078,-4.19531,-5.43359,4.74805,-0.35352,-1.08984,-0.90169,-0.11153,0.25683
78,9766,3,0.11334,-0.11761,-0.42749,0.88916,-1.58984,-4.06641,-5.48438,4.57812,-0.18555,-1.00000,-0.91384,-0.11248,0.30892
79,10742,3,0.13391,-0.12805,-0.42914,0.88403,-1.31250,-3.93750,-5.80078,4.32031,-0.06250,-0.93359,-0.92399,-0.11170,0.35633
80,9766,3,0.15430,-0.13757,-0.43024,0.87872,-1.35938,-3.06250,-7.25391,3.97070,0.03906,-0.84766,-0.93293,-0.10923,0.40268
81,12695,3,0.17303,-0.14575,-0.43097,0.87354,-1.51953,-2.86328,-7.55078,3.62305,0.11133,-0.72266,-0.94057,-0.10569,0.44487
82,6836,3,0.18951,-0.15253,-0.43121,0.86884,-1.86328,-2.69531,-7.75391,3.31055,0.16211,-0.53125,-0.94640,-0.10177,0.48166
83,9766,3,0.20538,-0.15875,-0.43091,0.86426,-2.08984,-2.73047,-7.74219,3.04688,0.14258,-0.35742,-0.95084,-0.09756,0.51688
84,10742,3,0.22052,-0.16473,-0.42981,0.85992,-2.05078,-2.28516,-8.03906,2.80078,0.03711,-0.23828,-0.95355,-0.09389,0.55059
85,9766,3,0.23346,-0.17023,-0.42841,0.85614,-1.91406,-2.15234,-8.35156,2.53320,-0.09570,-0.17969,-0.95526,-0.09157,0.57986
86,9765,3,0.24506,-0.17584,-0.42688,0.85254,-1.59766,-2.06250,-8.54688,2.27148,-0.28516,-0.20508,-0.95687,-0.09073,0.60687
87,9766,3,0.25470,-0.18127,-0.42572,0.84912,-1.44531,-1.56250,-9.21875,1.97266,-0.44336,-0.19531,-0.95920,-0.09111,0.63025
88,10742,3,0.26349,-0.18732,-0.42499,0.84552,-1.61328,-1.61719,-9.20703,1.67969,-0.54102,-0.12305,-0.96298,-0.09293,0.65277
89,9766,3,0.27026,-0.19305,-0.42456,0.84229,-1.53125,-1.60547,-9.24609,1.39062,-0.64453,-0.07617,-0.96725,-0.09587,0.67137
90,9765,3,0.27557,-0.19873,-0.42426,0.83942,-1.41016,-1.42578,-9.44141,1.03516,-0.69531,-0.01172,-0.97174,-0.09997,0.68724
91,10742,3,0.27924,-0.20398,-0.42413,0.83698,-1.15625,-1.20312,-10.24609,0.60547,-0.68750,0.04688,-0.97632,-0.10478,0.69970
92,9766,3,0.27924,-0.20398,-0.42413,0.83698,-1.05078,-1.11328,-10.59766,0.09766,-0.58398,0.13281,-0.97632,-0.10478,0.69970
93,9766,3,0.28113,-0.21228,-0.42450,0.83411,-0.87500,-1.02344,-11.10156,-0.46289,-0.40039,0.24805,-0.98461,-0.11571,0.71228
94,9765,3,0.27911,-0.21423,-0.42468,0.83417,-1.00000,-0.65234,-11.86719,-1.03320,-0.17773,0.37305,-0.98663,-0.12064,0.71070
95,10742,3,0.27502,-0.21436,-0.42474,0.83551,-1.03906,-0.47656,-12.09766,-1.57227,0.01172,0.48242,-0.98649,-0.12488,0.70319
96,9766,3,0.26880,-0.21259,-0.42462,0.83801,-1.26172,-0.51953,-12.28125,-2.07422,0.12695,0.59570,-0.98415,-0.12837,0.68966
97,9766,3,0.26062,-0.20917,-0.42438,0.84155,-1.55469,-0.41797,-12.39062,-2.58789,0.21289,0.74414,-0.97992,-0.13123,0.67071
98,9765,3,0.25092,-0.20471,-0.42407,0.84576,-0.97266,-0.81250,-12.67188,-3.10742,0.26953,0.84766,-0.97455,-0.13386,0.64781
99,10743,3,0.23798,-0.19849,-0.42352,0.85120,-0.64844,-0.97656,-12.90234,-3.61133,0.30859,0.92578,-0.96704,-0.13676,0.61713
100,9765,3,0.22321,-0.19122,-0.42303,0.85712,-0.55078,-1.15625,-13.12891,-4.10742,0.31836,0.97852,-0.95878,-0.13941,0.58207
101,12695,3,0.20605,-0.18274,-0.42261,0.86346,-0.62109,-1.35547,-13.35547,-4.55469,0.34180,0.96875,-0.94976,-0.14189,0.54155
102,7813,3,0.18793,-0.17371,-0.42242,0.86951,-0.51953,-1.85938,-13.04297,-4.99023,0.38281,0.91602,-0.94118,-0.14381,0.49896
103,9766,3,0.16693,-0.16290,-0.42249,0.87585,-0.60547,-1.98438,-13.06250,-5.37109,0.39648,0.92383,-0.93206,-0.14481,0.44960
104,9765,3,0.14307,-0.15051,-0.42267,0.88214,-0.87500,-2.01953,-12.73047,-5.72070,0.42188,1.01953,-0.92264,-0.14512,0.39380
105,9766,3,0.11877,-0.13782,-0.42267,0.88782,-0.59766,-3.27344,-11.68359,-6.00586,0.51758,1.08789,-0.91335,-0.14482,0.33723
106,9765,3,0.09283,-0.12396,-0.42212,0.89319,-0.23828,-3.75391,-11.38281,-6.31641,0.70703,1.12891,-0.90301,-0.14357,0.27684
107,10743,3,0.06555,-0.10858,-0.42108,0.89807,0.24609,-4.60938,-11.03125,-6.67578,1.02734,1.15820,-0.89189,-0.14029,0.21288
108,9765,3,0.03741,-0.09131,-0.41962,0.90234,0.35547,-5.23828,-10.29688,-6.98047,1.29883,1.15820,-0.88036,-0.13378,0.14596
109,12696,3,0.00958,-0.07269,-0.41785,0.90558,-1.34375,-6.59766,-8.10156,-7.29492,1.36328,1.21875,-0.86950,-0.12396,0.07879
110,6836,3,-0.02008,-0.05200,-0.41547,0.90790,-2.60547,-6.98438,-6.75391,-7.55078,1.33398,1.34570,-0.85871,-0.11134,0.00679
111,10742,3,-0.05127,-0.03033,-0.41217,0.90918,-3.00781,-7.70312,-5.30469,-7.68555,1.42383,1.48242,-0.84791,-0.09757,-0.06860
112,9765,3,-0.08478,-0.00684,-0.40747,0.90924,-2.31641,-8.88672,-3.34766,-7.56836,1.79492,1.50977,-0.83650,-0.08161,-0.14965
113,9766,3,-0.11646,0.01697,-0.40198,0.90802,0.27734,-11.98828,1.16016,-7.14648,2.21484,1.26172,-0.82634,-0.06286,-0.22755
114,10742,3,-0.14557,0.04175,-0.39679,0.90533,0.72656,-12.71094,3.07031,-6.52539,2.43555,0.93945,-0.82006,-0.03994,-0.30149
115,12695,3,-0.17139,0.06665,-0.39264,0.90112,0.32422,-12.56250,4.43750,-5.79102,2.25195,0.61914,-0.81913,-0.01447,-0.36962
116,6836,3,-0.19342,0.08936,-0.38971,0.89594,-3.66406,-10.88281,5.48438,-5.12305,1.73438,0.44922,-0.82262,0.00936,-0.42933
117,9766,3,-0.21332,0.10931,-0.38739,0.89020,-4.80859,-10.42188,5.87109,-4.66211,1.23438,0.45508,-0.82815,0.02935,-0.48329
118,10742,3,-0.23285,0.12665,-0.38403,0.88446,-4.96875,-10.22656,6.70312,-4.30078,0.98242,0.54102,-0.83166,0.04520,-0.53481
119,9766,3,-0.25024,0.14075,-0.38013,0.87921,-4.23828,-9.89844,7.59766,-3.97266,0.92383,0.59180,-0.83325,0.05728,-0.57993
120,9765,3,-0.26654,0.15375,-0.37573,0.87415,-2.59375,-9.34766,8.67578,-3.65039,0.99023,0.61523,-0.83396,0.06855,-0.62230
121,9766,3,-0.28052,0.16553,-0.37152,0.86938,-2.21875,-8.95312,9.33203,-3.19727,1.02539,0.61719,-0.83491,0.07947,-0.65949
122,10742,3,-0.29303,0.17712,-0.36737,0.86475,-2.07031,-8.28125,9.78125,-2.68359,0.86719,0.55273,-0.83644,0.09116,-0.69397
123,12696,3,-0.30347,0.18744,-0.36359,0.86060,-2.08203,-7.57422,9.81250,-2.21289,0.63672,0.47656,-0.83815,0.10212,-0.72354
124,6836,3,-0.31171,0.19543,-0.36035,0.85718,-2.03516,-7.03125,9.87109,-1.81055,0.47461,0.47461,-0.83931,0.11063,-0.74695
125,10742,3,-0.31891,0.20221,-0.35718,0.85431,-1.96484,-6.70703,10.08203,-1.43945,0.34180,0.52344,-0.83966,0.11796,-0.76725
126,8789,3,-0.32477,0.20782,-0.35394,0.85211,-1.78906,-6.44531,10.16016,-1.02148,0.20898,0.59766,-0.83893,0.12460,-0.78389
127,10742,3,-0.32880,0.21191,-0.35083,0.85083,-1.19531,-6.13672,10.39844,-0.50781,0.00391,0.65820,-0.83699,0.13027,-0.79553
128,9766,3,-0.33130,0.21484,-0.34741,0.85052,-1.03516,-5.74609,10.38281,0.06641,-0.34180,0.61523,-0.83325,0.13568,-0.80300
129,9765,3,-0.33185,0.21552,-0.34412,0.85144,-0.61328,-5.16406,10.12500,0.65430,-0.82617,0.37500,-0.82741,0.13906,-0.80441
130,10742,3,-0.33081,0.21320,-0.34143,0.85352,-0.26953,-4.62109,9.59375,1.30859,-1.43555,0.19141,-0.81967,0.13848,-0.79976
131,9766,3,-0.32825,0.20715,-0.33942,0.85681,-0.01562,-3.91797,9.28516,1.91211,-1.73828,0.03320,-0.80956,0.13255,-0.78857
132,9766,3,-0.32391,0.19788,-0.33801,0.86121,-0.11719,-3.59766,9.15234,2.17773,-1.55859,-0.00391,-0.79765,0.12215,-0.77103
133,10742,3,-0.31781,0.18713,-0.33722,0.86615,0.65234,-3.39453,8.46094,2.17383,-1.15625,-0.33789,-0.78584,0.11006,-0.74899
134,9765,3,-0.31085,0.17737,-0.33783,0.87048,0.35938,-2.36328,6.73438,2.17578,-0.94727,-0.57031,-0.77804,0.09893,-0.72656
135,12696,3,-0.30359,0.16840,-0.34009,0.87396,-0.47656,-3.03906,5.89453,2.24023,-1.01953,-0.45508,-0.77456,0.08796,-0.70456
