lineno,time,accurate,i,j,k,r,aX,aY,aZ,gX,gY,gZ,rx,ry,rz
0,1312500,3,0.04437,-0.07434,0.84296,0.53094,0.48828,1.97266,2.04297,-0.35156,-0.36328,-0.25977,2.02355,-0.15437,-0.07924
1,9766,3,0.04474,-0.07660,0.84216,0.53192,0.53516,2.15625,2.89062,-0.22266,-0.52148,-0.30859,2.02143,-0.15749,-0.08253
2,10742,3,0.04590,-0.07886,0.84125,0.53290,1.75781,1.83594,4.92188,-0.05273,-0.61914,-0.38867,2.01917,-0.16198,-0.08497
3,9765,3,0.04816,-0.08093,0.84009,0.53418,2.50000,1.42188,5.85938,0.09766,-0.59375,-0.45898,2.01609,-0.16817,-0.08585
4,9766,3,0.05103,-0.08234,0.83887,0.53571,2.89062,1.01562,6.67188,0.32422,-0.50391,-0.54297,2.01238,-0.17470,-0.08486
5,9766,3,0.05414,-0.08282,0.83746,0.53748,3.21875,0.91406,7.44531,0.76172,-0.49219,-0.74805,2.00786,-0.18069,-0.08195
6,10742,3,0.05792,-0.08173,0.83582,0.53973,3.97656,0.85156,8.74609,1.16602,-0.44141,-0.96289,2.00187,-0.18613,-0.07547
7,9766,3,0.06287,-0.07867,0.83374,0.54285,3.65234,0.50391,8.70703,1.45898,-0.30078,-1.12305,1.99346,-0.19142,-0.06415
8,9765,3,0.06836,-0.07391,0.83136,0.54657,3.30078,0.25000,8.39453,1.67578,-0.18164,-1.26172,1.98324,-0.19570,-0.04913
9,9766,3,0.07416,-0.06757,0.82849,0.55090,2.32031,-0.39062,7.50391,1.83203,-0.02734,-1.32422,1.97104,-0.19863,-0.03086
10,10742,3,0.07990,-0.06006,0.82550,0.55554,1.56641,-1.03906,7.16016,1.92578,0.13867,-1.29688,1.95794,-0.19995,-0.01060
11,9766,3,0.08527,-0.05164,0.82239,0.56012,0.73047,-1.74609,6.34766,2.02930,0.29492,-1.28906,1.94467,-0.19941,0.01080
12,9765,3,0.09027,-0.04230,0.81927,0.56464,-0.20312,-2.34766,5.72656,2.21094,0.39062,-1.31250,1.93144,-0.19696,0.03328
13,9766,3,0.09491,-0.03253,0.81635,0.56885,-2.23828,-3.52344,4.45703,2.40625,0.44336,-1.30078,1.91899,-0.19315,0.05593
14,10742,3,0.10016,-0.02087,0.81299,0.57324,-3.33203,-4.42578,3.66016,2.57812,0.54102,-1.15625,1.90553,-0.18789,0.08243
15,9766,3,0.10553,-0.00854,0.80981,0.57703,-4.23828,-5.04297,2.86328,2.71484,0.57617,-0.95312,1.89337,-0.18179,0.10998
16,9765,3,0.11090,0.00427,0.80713,0.57983,-5.08594,-5.50000,1.69141,2.76172,0.52539,-0.72070,1.88354,-0.17496,0.13805
17,9766,3,0.11658,0.01740,0.80487,0.58167,-6.44141,-5.58984,-0.66016,2.74609,0.44531,-0.43945,1.87593,-0.16821,0.16673
18,10742,3,0.12262,0.03021,0.80310,0.58228,-6.88281,-5.66406,-1.89453,2.68359,0.27734,-0.14648,1.87099,-0.16249,0.19512
19,9766,3,0.12909,0.04248,0.80200,0.58173,-7.18359,-5.69922,-3.03516,2.62695,0.04492,0.13086,1.86878,-0.15828,0.22292
20,9765,3,0.13605,0.05341,0.80139,0.57996,-7.70312,-5.87500,-4.48047,2.58984,-0.16211,0.43750,1.86904,-0.15676,0.24900
21,9766,3,0.14410,0.06372,0.80145,0.57697,-7.94141,-6.11719,-4.91797,2.57422,-0.32617,0.78711,1.87173,-0.15811,0.27527
22,10742,3,0.15271,0.07294,0.80212,0.57269,-8.05469,-6.22656,-5.56641,2.52930,-0.45117,1.15625,1.87693,-0.16215,0.30029
23,9766,3,0.16193,0.08130,0.80359,0.56696,-8.08203,-6.28516,-6.21875,2.40625,-0.52539,1.53906,1.88504,-0.16886,0.32446
24,9765,3,0.17163,0.08893,0.80597,0.55951,-7.97266,-6.15234,-7.63281,2.12891,-0.54883,1.92578,1.89658,-0.17809,0.34776
25,10743,3,0.18066,0.09485,0.80914,0.55103,-7.95312,-5.97266,-8.50391,1.71094,-0.57422,2.33789,1.91069,-0.18896,0.36719
26,9765,3,0.18896,0.09900,0.81342,0.54120,-7.95703,-5.74219,-9.39062,1.25195,-0.66992,2.75586,1.92827,-0.20161,0.38238
27,9766,3,0.19690,0.10101,0.81897,0.52942,-7.79688,-5.41016,-10.15625,0.89453,-0.86133,3.09766,1.95043,-0.21726,0.39299
28,9765,3,0.20447,0.10046,0.82544,0.51648,-6.58203,-4.63672,-11.05859,0.59766,-1.16211,3.34570,1.97555,-0.23596,0.39825
29,10743,3,0.21216,0.09760,0.83221,0.50281,-5.94141,-4.34375,-11.55078,0.17773,-1.39648,3.58984,2.00218,-0.25784,0.39918
30,9765,3,0.22009,0.09235,0.83923,0.48853,-5.33594,-4.17578,-12.00000,-0.42969,-1.54688,3.85352,2.03019,-0.28297,0.39563
31,9766,3,0.22742,0.08435,0.84637,0.47412,-3.50781,-3.75000,-12.83594,-1.17188,-1.58594,4.08594,2.05932,-0.30992,0.38588
32,9766,3,0.23395,0.07227,0.85443,0.45825,-2.48047,-3.27734,-12.73438,-1.95117,-1.61133,4.23438,2.09339,-0.34007,0.36659
33,10742,3,0.23865,0.05707,0.86243,0.44275,-1.05859,-2.50000,-12.68750,-2.67188,-1.66406,4.24219,2.12915,-0.36944,0.33859
34,9765,3,0.24170,0.03857,0.87018,0.42767,0.53906,-1.60547,-12.53516,-3.39258,-1.78906,4.08594,2.16669,-0.39807,0.30165
35,10743,3,0.24341,0.01624,0.87738,0.41315,3.24609,-0.95312,-12.19141,-4.13867,-1.90430,3.87695,2.20592,-0.42652,0.25497
36,8789,3,0.24390,-0.00775,0.88306,0.40088,3.89844,-0.67578,-11.60938,-4.84961,-1.82422,3.70508,2.24231,-0.45220,0.20357
37,10742,3,0.24280,-0.03687,0.88794,0.38892,4.99219,-0.48828,-10.28125,-5.24609,-1.51367,3.50977,2.28193,-0.47783,0.13940
38,9765,3,0.23956,-0.06689,0.89154,0.37854,9.49219,0.08203,-6.67969,-5.12109,-1.29688,3.02344,2.32054,-0.49815,0.07074
39,9766,3,0.23480,-0.09662,0.89386,0.36951,11.39844,0.66797,-4.89453,-4.62305,-1.26758,2.36914,2.35737,-0.51343,0.00091
40,10742,3,0.23022,-0.12305,0.89465,0.36261,12.26172,0.88672,-3.05469,-4.08984,-1.11719,1.95117,2.38798,-0.52494,-0.06152
41,8789,3,0.22614,-0.14771,0.89423,0.35699,12.75000,1.05469,-1.80469,-3.72461,-0.71094,1.75977,2.41476,-0.53504,-0.11967
42,10742,3,0.22186,-0.16846,0.89343,0.35242,14.65625,0.89453,0.39844,-3.45703,-0.21680,1.48438,2.43730,-0.54120,-0.16956
43,9766,3,0.21600,-0.18762,0.89258,0.34857,15.90625,1.27734,1.45703,-3.09570,0.18750,1.09180,2.45754,-0.54261,-0.21695
44,10742,3,0.20898,-0.20380,0.89160,0.34625,16.62500,1.41406,3.09766,-2.58594,0.53125,0.63086,2.47238,-0.53957,-0.25773
45,9766,3,0.20154,-0.21667,0.89044,0.34570,17.46875,1.44922,4.56250,-2.16602,0.79297,0.06836,2.48086,-0.53373,-0.29043
46,9766,3,0.19446,-0.22595,0.88916,0.34711,17.72266,0.83984,6.09375,-1.99609,1.06250,-0.54102,2.48248,-0.52671,-0.31379
47,9765,3,0.18671,-0.23358,0.88721,0.35132,17.16406,0.42188,6.30078,-1.97070,1.28320,-1.19336,2.47635,-0.51833,-0.33220
48,10742,3,0.17883,-0.23962,0.88434,0.35846,16.07812,-0.37891,6.73047,-1.85938,1.41797,-1.89648,2.46229,-0.50993,-0.34555
49,9766,3,0.17133,-0.24420,0.88043,0.36853,12.92188,-3.17188,8.52344,-1.58203,1.43164,-2.62109,2.44051,-0.50258,-0.35394
50,9766,3,0.16461,-0.24719,0.87531,0.38165,11.12500,-5.05859,9.42969,-1.21484,1.43945,-3.20703,2.41073,-0.49706,-0.35689
51,9765,3,0.15924,-0.24811,0.86908,0.39728,9.29297,-6.85156,10.33203,-0.75195,1.50195,-3.56836,2.37399,-0.49371,-0.35334
52,9766,3,0.15503,-0.24670,0.86206,0.41467,7.69922,-8.53906,11.09766,-0.17188,1.63672,-3.83008,2.33179,-0.49144,-0.34332
53,9765,3,0.15198,-0.24261,0.85516,0.43207,4.46094,-10.53906,11.57031,0.42969,1.73242,-4.01367,2.28818,-0.48885,-0.32706
54,10743,3,0.14984,-0.23547,0.84802,0.45044,2.52734,-11.14844,10.99609,0.96289,1.81836,-3.96094,2.24070,-0.48510,-0.30352
55,9765,3,0.14850,-0.22504,0.84070,0.46967,0.53906,-11.51562,10.01172,1.42188,1.88477,-3.69922,2.18962,-0.47917,-0.27255
56,10742,3,0.14777,-0.21271,0.83423,0.48682,-1.12500,-11.44141,8.82031,1.84766,1.87109,-3.37695,2.14272,-0.47084,-0.23906
57,9766,3,0.14771,-0.19861,0.82855,0.50226,-3.18359,-10.23828,6.66797,2.25195,1.82422,-3.04297,2.09943,-0.46035,-0.20313
58,9766,3,0.14838,-0.18353,0.82385,0.51538,-3.81641,-9.65234,5.80078,2.58594,1.76172,-2.71094,2.06166,-0.44853,-0.16664
59,9765,3,0.14984,-0.16638,0.81976,0.52716,-4.39062,-9.18359,4.64844,2.81445,1.68750,-2.37500,2.02668,-0.43462,-0.12691
60,10743,3,0.15210,-0.14850,0.81635,0.53705,-5.23047,-7.46875,2.01172,2.97656,1.56055,-2.07031,1.99632,-0.42007,-0.08672
61,9765,3,0.15485,-0.13068,0.81366,0.54492,-5.56250,-6.73047,0.73828,3.04883,1.41016,-1.80078,1.97119,-0.40540,-0.04778
62,9766,3,0.15826,-0.11279,0.81134,0.55127,-5.70703,-5.96484,-0.58984,3.02344,1.25781,-1.61523,1.94981,-0.39109,-0.00923
63,9765,3,0.16223,-0.09528,0.80927,0.55652,-5.62891,-5.22656,-1.83203,2.94727,1.10352,-1.52734,1.93135,-0.37752,0.02836
64,10743,3,0.16632,-0.07935,0.80725,0.56067,-5.75000,-3.32031,-4.08594,2.82227,0.93164,-1.46484,1.91592,-0.36560,0.06257
65,9765,3,0.17108,-0.06305,0.80487,0.56476,-6.10547,-2.71875,-5.07422,2.63672,0.75977,-1.36523,1.90036,-0.35395,0.09796
66,9766,3,0.17566,-0.04889,0.80243,0.56818,-6.44141,-2.27344,-5.99219,2.40820,0.59766,-1.17188,1.88688,-0.34423,0.12906
67,9765,3,0.18060,-0.03528,0.79987,0.57123,-6.62500,-1.90234,-6.71484,2.12305,0.44727,-0.93164,1.87421,-0.33550,0.15943
68,10743,3,0.18524,-0.02362,0.79767,0.57343,-6.45703,-0.99609,-8.23047,1.78320,0.31836,-0.69531,1.86416,-0.32850,0.18571
69,9765,3,0.18945,-0.01398,0.79590,0.57489,-6.24609,-0.81641,-8.75000,1.39844,0.24219,-0.46875,1.85651,-0.32323,0.20774
70,9766,3,0.19293,-0.00629,0.79456,0.57568,-6.14062,-0.74219,-9.22656,0.97266,0.25195,-0.20508,1.85116,-0.31923,0.22534
71,9766,3,0.19537,-0.00055,0.79382,0.57587,-6.18359,-0.28516,-10.16016,0.58008,0.27344,0.03516,1.84829,-0.31607,0.23808
72,10742,3,0.19659,0.00336,0.79382,0.57544,-6.16016,0.06641,-10.53516,0.27344,0.23242,0.18359,1.84807,-0.31338,0.24593
73,9765,3,0.19684,0.00568,0.79437,0.57458,-6.10156,0.33984,-10.72656,0.01562,0.16406,0.26953,1.84981,-0.31122,0.24969
74,9766,3,0.19653,0.00659,0.79523,0.57361,-6.00781,0.76172,-10.95703,-0.25391,0.06836,0.37109,1.85251,-0.30993,0.25034
75,9766,3,0.19574,0.00610,0.79620,0.57245,-6.16016,1.27734,-11.69141,-0.58984,-0.05273,0.49414,1.85600,-0.30964,0.24803
76,10742,3,0.19452,0.00391,0.79749,0.57111,-6.31250,1.45312,-11.76953,-0.98242,-0.14258,0.66602,1.86052,-0.31077,0.24227
77,9765,3,0.19269,-0.00006,0.79901,0.56964,-6.30078,1.57812,-11.69922,-1.37109,-0.20898,0.88086,1.86599,-0.31307,0.23273
78,9766,3,0.19000,-0.00610,0.80103,0.56763,-6.20703,1.71094,-11.60156,-1.74609,-0.25586,1.09375,1.87361,-0.31659,0.21843
79,9766,3,0.18646,-0.01398,0.80353,0.56519,-5.93359,1.57812,-11.19531,-2.12109,-0.24805,1.29883,1.88318,-0.32092,0.19976
80,10742,3,0.18195,-0.02362,0.80646,0.56213,-5.66406,1.67188,-10.97266,-2.50195,-0.23633,1.46680,1.89502,-0.32574,0.17661
81,9765,3,0.17621,-0.03491,0.80975,0.55859,-5.47266,1.77734,-10.99609,-2.88477,-0.25000,1.61328,1.90899,-0.33035,0.14889
82,9766,3,0.16949,-0.04767,0.81323,0.55469,-5.50391,1.42188,-10.82031,-3.31250,-0.29883,1.75391,1.92457,-0.33477,0.11726
83,10742,3,0.16156,-0.06256,0.81677,0.55035,-5.54297,1.48438,-10.67578,-3.75977,-0.36328,1.88672,1.94196,-0.33924,0.08029
84,9766,3,0.15283,-0.07886,0.82013,0.54572,-5.50000,1.39844,-10.17578,-4.08789,-0.47070,1.98633,1.96044,-0.34347,0.03979
85,9766,3,0.14282,-0.09802,0.82343,0.54034,-5.26172,1.22266,-9.34766,-4.27148,-0.64648,2.06445,1.98145,-0.34813,-0.00753
86,9765,3,0.13239,-0.11896,0.82629,0.53436,-4.65625,0.26562,-7.84766,-4.38477,-0.77539,2.13281,2.00398,-0.35322,-0.05876
87,10742,3,0.13239,-0.11896,0.82629,0.53436,-4.23047,-0.28516,-7.16406,-4.50586,-0.83594,2.17578,2.00398,-0.35322,-0.05876
88,9766,3,0.11279,-0.16138,0.83038,0.52124,-3.61719,-0.97266,-6.53125,-4.66602,-0.84961,2.16992,2.05027,-0.36351,-0.16165
89,9766,3,0.10254,-0.18384,0.83160,0.51398,-3.37891,-1.75391,-5.91016,-4.87891,-0.75977,2.21094,2.07481,-0.36774,-0.21638
90,9765,3,0.09192,-0.20612,0.83209,0.50659,-4.00000,-3.73438,-4.35938,-5.08398,-0.81250,2.25391,2.09896,-0.37022,-0.27138
91,10742,3,0.09192,-0.20612,0.83209,0.50659,-4.46094,-4.45312,-3.98828,-5.26367,-1.07422,2.28125,2.09896,-0.37022,-0.27138
92,9766,3,0.06812,-0.25549,0.83087,0.48956,-4.80469,-5.43359,-3.38672,-5.44727,-1.43164,2.34570,2.15180,-0.37189,-0.39429
93,9766,3,0.05756,-0.28064,0.82904,0.48029,-4.32422,-7.95703,-2.69141,-5.67578,-1.91992,2.40820,2.17910,-0.37362,-0.45604
94,9765,3,0.04791,-0.30792,0.82605,0.46954,-3.95703,-8.90625,-2.19531,-6.01953,-2.32422,2.48828,2.20977,-0.37723,-0.52224
95,10742,3,0.03894,-0.33832,0.82172,0.45691,-3.41406,-10.05859,-0.94141,-6.35547,-2.40234,2.66797,2.24533,-0.38243,-0.59555
96,9766,3,0.02991,-0.37012,0.81610,0.44287,-2.36328,-10.85547,0.62891,-6.52148,-2.40234,2.83398,2.28382,-0.38615,-0.67322
97,9766,3,0.02032,-0.40216,0.80933,0.42767,0.32422,-11.67188,2.90625,-6.39453,-2.30273,2.85352,2.32376,-0.38641,-0.75318
98,10742,3,0.01050,-0.43274,0.80182,0.41199,1.02344,-11.44922,4.46484,-5.88086,-2.27539,2.74023,2.36286,-0.38266,-0.83117
99,9766,3,0.00098,-0.46204,0.79364,0.39575,1.57812,-11.12500,5.34766,-5.09375,-2.29102,2.58984,2.40141,-0.37607,-0.90704
100,9765,3,-0.00671,-0.48730,0.78613,0.38007,2.00781,-11.25391,6.23828,-4.15039,-2.30078,2.45508,2.43728,-0.36813,-0.97320
101,9766,3,-0.01282,-0.51050,0.77917,0.36346,3.32031,-11.32812,6.86719,-3.17578,-2.33594,2.35156,2.47425,-0.35877,-1.03446
102,10742,3,-0.01648,-0.52856,0.77423,0.34784,4.25391,-10.82422,6.65234,-2.43555,-2.36914,2.27734,2.50841,-0.34922,-1.08258
103,11719,3,-0.01831,-0.54333,0.77087,0.33203,4.89453,-10.40625,5.89062,-2.03711,-2.20703,2.28516,2.54252,-0.33902,-1.12230
104,7812,3,-0.01929,-0.55487,0.76880,0.31732,4.92578,-9.49219,5.05469,-1.81445,-1.92578,2.34570,2.57345,-0.32836,-1.15367
105,9766,3,-0.02087,-0.56598,0.76715,0.30127,5.47266,-8.62500,4.52734,-1.66602,-1.71875,2.33984,2.60543,-0.31412,-1.18430
106,10742,3,-0.02301,-0.57489,0.76587,0.28699,6.07422,-7.96094,4.26562,-1.50391,-1.54102,2.22461,2.63210,-0.29919,-1.20936
107,9766,3,-0.02551,-0.58289,0.76477,0.27332,6.56641,-7.42969,4.20703,-1.34570,-1.44727,1.99609,2.65638,-0.28338,-1.23191
108,9765,3,-0.02789,-0.59015,0.76361,0.26044,7.01953,-7.21484,4.33203,-1.16211,-1.36719,1.69922,2.67861,-0.26800,-1.25239
109,9766,3,-0.02954,-0.59644,0.76251,0.24884,6.99219,-7.17578,4.89453,-0.80859,-1.25586,1.36523,2.69870,-0.25453,-1.26998
110,10742,3,-0.03027,-0.60156,0.76166,0.23883,6.97266,-7.11328,5.51172,-0.28125,-1.29102,0.93555,2.71647,-0.24364,-1.28416
111,12695,3,-0.03027,-0.60156,0.76166,0.23883,6.51172,-7.17969,5.27344,0.28711,-1.45703,0.52734,2.71647,-0.24364,-1.28416
112,6836,3,-0.02655,-0.60638,0.76263,0.22357,6.00781,-7.31641,5.15234,0.75781,-1.52344,0.25391,2.74796,-0.23274,-1.29690
113,9766,3,-0.02142,-0.60596,0.76489,0.21747,5.39453,-7.77734,4.97656,1.21484,-1.46289,0.12695,2.76410,-0.23288,-1.29527
114,9766,3,-0.01489,-0.60370,0.76837,0.21198,5.17969,-8.21484,5.06641,1.83984,-1.31055,0.05664,2.78032,-0.23521,-1.28875
115,10742,3,-0.00854,-0.59949,0.77295,0.20764,5.87891,-8.66797,5.37891,2.63086,-1.29297,-0.01562,2.79379,-0.23798,-1.27735
116,9765,3,-0.00079,-0.59174,0.78003,0.20343,6.30469,-8.57031,5.19922,3.38672,-1.20508,-0.05664,2.80756,-0.24187,-1.25700
117,9766,3,0.00684,-0.58167,0.78845,0.19989,6.83203,-8.41797,4.89453,3.97266,-0.97070,-0.20312,2.81926,-0.24579,-1.23105
118,10742,3,0.01562,-0.56744,0.79938,0.19684,7.74609,-8.80859,4.73438,4.47266,-0.63477,-0.50195,2.83000,-0.25100,-1.19499
119,9766,3,0.02393,-0.55133,0.81073,0.19556,8.22656,-9.11328,5.00391,4.99414,-0.19531,-0.79883,2.83630,-0.25724,-1.15462
120,10742,3,0.03198,-0.53229,0.82288,0.19635,7.83203,-9.30859,4.91406,5.51562,0.16992,-1.02344,2.83740,-0.26474,-1.10752
121,8789,3,0.03967,-0.51001,0.83588,0.19916,7.56250,-9.28125,4.24609,5.87305,0.55078,-1.11523,2.83302,-0.27283,-1.05301
122,10742,3,0.04620,-0.48663,0.84845,0.20312,7.07031,-8.94141,3.11719,5.98828,1.02344,-1.12305,2.82449,-0.27971,-0.99649
123,9766,3,0.05182,-0.45886,0.86212,0.20856,7.02344,-6.61328,0.12109,5.82422,1.47461,-1.13281,2.81045,-0.28457,-0.93036
124,9766,3,0.05511,-0.43152,0.87445,0.21466,7.66016,-5.36328,-1.67969,5.50781,1.77930,-1.28906,2.79288,-0.28552,-0.86620
125,12695,3,0.05658,-0.40466,0.88538,0.22180,8.36719,-4.05078,-3.15234,5.16992,1.96094,-1.60742,2.77185,-0.28347,-0.80405
126,7812,3,0.05707,-0.37915,0.89441,0.23022,7.53906,-2.08203,-4.58594,4.89648,2.07422,-1.85742,2.74797,-0.28033,-0.74565
127,9766,3,0.05701,-0.35394,0.90210,0.24017,6.26953,-1.43750,-5.40625,4.62305,2.06445,-1.98438,2.72082,-0.27637,-0.68842
128,10742,3,0.05670,-0.32825,0.90869,0.25165,5.22656,-1.07812,-6.28516,4.23633,1.94141,-2.03711,2.69034,-0.27158,-0.63059
129,8789,3,0.05634,-0.30481,0.91370,0.26288,4.46094,-0.46484,-7.19531,3.68555,1.85547,-2.07227,2.66098,-0.26633,-0.57835
130,10742,3,0.05591,-0.28333,0.91730,0.27423,3.77344,0.97656,-8.16406,3.08789,1.81836,-2.14453,2.63189,-0.26090,-0.53082
131,12696,3,0.05505,-0.26477,0.91943,0.28552,3.58984,1.38281,-8.51953,2.54102,1.74414,-2.29102,2.60353,-0.25519,-0.49006
132,6836,3,0.05377,-0.24908,0.92023,0.29706,3.01562,1.76172,-8.76953,2.12891,1.58594,-2.40820,2.57524,-0.24953,-0.45573
133,9765,3,0.05243,-0.23523,0.91986,0.30945,1.21484,2.16016,-8.86328,1.83984,1.35742,-2.46875,2.54560,-0.24447,-0.42529
134,10742,3,0.05151,-0.22260,0.91852,0.32257,0.21094,2.15625,-8.98828,1.57227,1.06641,-2.43555,2.51477,-0.24057,-0.39721
135,9766,3,0.05133,-0.21228,0.91663,0.33484,-0.62109,2.14453,-9.00781,1.30078,0.84180,-2.33008,2.48643,-0.23851,-0.37376
136,9766,3,0.05188,-0.20337,0.91418,0.34668,-1.27344,2.14844,-8.73047,1.05859,0.56836,-2.22266,2.45931,-0.23811,-0.35290
137,9765,3,0.05292,-0.19641,0.91156,0.35730,-2.17188,1.92578,-8.17188,0.80273,0.33203,-2.10156,2.43520,-0.23911,-0.33593
138,10743,3,0.05292,-0.19641,0.91156,0.35730,-2.78516,1.37109,-7.63672,0.53125,0.18945,-1.91992,2.43520,-0.23911,-0.33593
139,9765,3,0.05652,-0.18652,0.90540,0.37726,-3.39844,0.96094,-7.01172,0.22656,0.26172,-1.66797,2.39043,-0.24553,-0.30912
140,9766,3,0.05786,-0.18390,0.90222,0.38574,-3.62891,0.45703,-6.15234,-0.01562,0.29688,-1.46875,2.37145,-0.24885,-0.30085
141,9765,3,0.05823,-0.18243,0.89929,0.39325,-3.42188,-0.20312,-5.50781,-0.20312,0.12305,-1.31055,2.35468,-0.25082,-0.29573
142,10743,3,0.05829,-0.18213,0.89636,0.39990,-3.75000,-0.76562,-4.86719,-0.38672,0.16797,-0.97266,2.33986,-0.25286,-0.29328
143,12695,3,0.05804,-0.18286,0.89374,0.40552,-3.89062,-1.53125,-3.51562,-0.50586,0.30469,-0.60352,2.32752,-0.25480,-0.29330
