lineno,time,accurate,i,j,k,r,aX,aY,aZ,gX,gY,gZ,rx,ry,rz
0,1269531,3,0.03601,-0.18866,0.08136,0.97803,-1.33203,-0.12109,-2.86719,-0.63477,-0.01172,0.20898,0.15765,-0.38426,0.04288
1,9766,3,0.03290,-0.18903,0.08167,0.97803,-1.90625,-0.33203,-3.74609,-0.70117,-0.03125,0.25781,0.15958,-0.38452,0.03612
2,10742,3,0.02936,-0.18945,0.08209,0.97803,-2.32812,-0.30078,-4.23828,-0.79688,-0.07031,0.31445,0.16195,-0.38482,0.02840
3,8789,3,0.02545,-0.19000,0.08270,0.97797,-2.64844,-0.30078,-4.77344,-0.92578,-0.10547,0.37109,0.16487,-0.38530,0.01981
4,10742,3,0.02106,-0.19086,0.08344,0.97784,-2.91797,-0.08984,-5.80859,-1.07422,-0.17188,0.42383,0.16827,-0.38630,0.01008
5,9766,3,0.01569,-0.19202,0.08441,0.97766,-3.19141,-0.06641,-6.12891,-1.25391,-0.19531,0.51367,0.17262,-0.38772,-0.00189
6,10742,3,0.00958,-0.19342,0.08545,0.97736,-3.58984,0.01953,-6.54297,-1.47852,-0.25781,0.60547,0.17747,-0.38948,-0.01548
7,9766,3,0.00250,-0.19513,0.08685,0.97693,-3.83594,0.12500,-6.91016,-1.73047,-0.29883,0.74219,0.18357,-0.39162,-0.03139
8,9765,3,-0.00604,-0.19720,0.08856,0.97632,-4.35938,0.14062,-6.84766,-1.98633,-0.37305,0.90625,0.19104,-0.39414,-0.05063
9,9766,3,-0.01562,-0.19958,0.09064,0.97552,-4.41406,-0.00781,-6.54688,-2.24023,-0.45508,1.08203,0.19985,-0.39693,-0.07235
10,9766,3,-0.02686,-0.20251,0.09338,0.97443,-4.13672,-0.04297,-5.78125,-2.41602,-0.58594,1.23242,0.21099,-0.40027,-0.09806
11,12695,3,-0.03918,-0.20599,0.09668,0.97296,-2.78906,-0.41406,-3.73438,-2.54883,-0.66992,1.39258,0.22406,-0.40420,-0.12660
12,7812,3,-0.05170,-0.20978,0.10034,0.97119,-1.71094,-0.73047,-2.14062,-2.63281,-0.71289,1.48828,0.23825,-0.40837,-0.15592
13,9766,3,-0.06641,-0.21429,0.10510,0.96881,-0.40625,-0.69922,-0.68359,-2.65039,-0.79688,1.48047,0.25621,-0.41291,-0.19082
14,9766,3,-0.08008,-0.21875,0.10956,0.96631,0.90234,-1.03906,0.96484,-2.55859,-0.83789,1.41602,0.27330,-0.41720,-0.22356
15,10742,3,-0.09314,-0.22327,0.11377,0.96362,4.11719,-3.02734,4.92188,-2.40820,-0.80664,1.30664,0.28990,-0.42145,-0.25514
16,9765,3,-0.10681,-0.22821,0.11810,0.96051,5.81250,-4.20703,7.16797,-2.12891,-0.71289,1.20312,0.30749,-0.42592,-0.28849
17,9766,3,-0.11877,-0.23254,0.12195,0.95758,7.23438,-4.88672,9.18359,-1.71289,-0.63086,1.02734,0.32323,-0.42946,-0.31790
18,9766,3,-0.12885,-0.23621,0.12537,0.95496,8.82031,-5.17969,10.83984,-1.23828,-0.56250,0.73242,0.33703,-0.43213,-0.34288
19,12695,3,-0.13654,-0.23938,0.12811,0.95270,12.28516,-5.82812,13.16406,-0.70117,-0.37109,0.34766,0.34820,-0.43469,-0.36233
20,7813,3,-0.14136,-0.24176,0.12976,0.95117,13.10156,-5.87891,13.98438,-0.15430,-0.07617,-0.02344,0.35532,-0.43700,-0.37477
21,9765,3,-0.14349,-0.24298,0.13007,0.95050,13.47656,-5.80469,14.11328,0.41602,0.15039,-0.40820,0.35769,-0.43850,-0.38019
22,9766,3,-0.14258,-0.24286,0.12909,0.95081,12.88672,-4.14062,12.50391,0.87500,0.26758,-0.86328,0.35511,-0.43897,-0.37771
23,10742,3,-0.13892,-0.24194,0.12671,0.95190,12.07422,-3.33203,10.97266,1.15234,0.34961,-1.21484,0.34779,-0.43941,-0.36824
24,9766,3,-0.13306,-0.24054,0.12268,0.95361,10.91797,-2.61328,9.44141,1.29297,0.43750,-1.44727,0.33566,-0.44020,-0.35304
25,9765,3,-0.12579,-0.23877,0.11743,0.95569,9.90625,-2.19531,7.96875,1.39844,0.50586,-1.65234,0.32008,-0.44101,-0.33408
26,9766,3,-0.11816,-0.23676,0.11163,0.95789,8.05469,-1.73828,5.72266,1.52344,0.55469,-1.83203,0.30302,-0.44137,-0.31396
27,10742,3,-0.10907,-0.23431,0.10437,0.96039,7.01172,-1.86328,4.66406,1.65430,0.59375,-1.97461,0.28198,-0.44148,-0.28984
28,9766,3,-0.09937,-0.23175,0.09668,0.96283,6.08984,-2.00000,3.66406,1.77148,0.62500,-2.11133,0.25975,-0.44125,-0.26424
29,9765,3,-0.08911,-0.22900,0.08850,0.96527,5.12500,-2.07031,2.68359,1.84375,0.62891,-2.22852,0.23620,-0.44045,-0.23722
30,9766,3,-0.07806,-0.22607,0.07965,0.96771,3.06641,-1.96875,0.69922,1.88867,0.62695,-2.30273,0.21087,-0.43908,-0.20821
31,10742,3,-0.06671,-0.22321,0.07050,0.96991,2.14453,-1.98828,-0.16797,1.91211,0.57617,-2.37305,0.18489,-0.43740,-0.17855
32,9766,3,-0.05524,-0.22040,0.06116,0.97192,1.28125,-1.94922,-1.06641,1.88867,0.51562,-2.41406,0.15862,-0.43528,-0.14869
33,12695,3,-0.04352,-0.21777,0.05139,0.97369,-0.08984,-1.67969,-2.61328,1.77734,0.47461,-2.42578,0.13151,-0.43300,-0.11829
34,6836,3,-0.03241,-0.21552,0.04175,0.97510,-0.65625,-1.62109,-3.39062,1.61523,0.43164,-2.41992,0.10516,-0.43077,-0.08948
35,10742,3,-0.02173,-0.21332,0.03174,0.97620,-1.25391,-1.59375,-4.03516,1.45508,0.39648,-2.38281,0.07839,-0.42808,-0.06156
36,9766,3,-0.01123,-0.21124,0.02100,0.97717,-1.88281,-1.57812,-4.55469,1.30664,0.34766,-2.32031,0.05027,-0.42503,-0.03383
37,9765,3,-0.00250,-0.20947,0.01141,0.97772,-3.09375,-1.16797,-5.65234,1.13672,0.27734,-2.22656,0.02562,-0.42199,-0.01061
38,10743,3,0.00629,-0.20789,0.00098,0.97815,-3.61328,-1.14844,-6.16406,0.92578,0.23633,-2.09766,-0.00077,-0.41882,0.01302
39,9765,3,0.01355,-0.20654,-0.00854,0.97833,-4.34766,-1.05859,-6.56250,0.70703,0.20703,-1.94141,-0.02440,-0.41576,0.03284
40,9766,3,0.01965,-0.20538,-0.01764,0.97833,-4.94531,-0.82422,-6.98438,0.49805,0.15820,-1.78125,-0.04651,-0.41279,0.04991
41,12695,3,0.02448,-0.20441,-0.02606,0.97821,-5.76562,-0.26953,-7.75781,0.27930,0.12891,-1.61719,-0.06656,-0.41004,0.06388
42,7813,3,0.02802,-0.20361,-0.03375,0.97809,-6.09375,-0.09375,-7.94922,0.04297,0.10352,-1.44531,-0.08444,-0.40759,0.07473
43,9765,3,0.03033,-0.20294,-0.04102,0.97784,-6.26953,0.02734,-8.22656,-0.21680,0.03711,-1.28906,-0.10086,-0.40543,0.08277
44,9766,3,0.03131,-0.20239,-0.04810,0.97760,-6.56250,0.35547,-8.68750,-0.47852,-0.03516,-1.12695,-0.11630,-0.40359,0.08785
45,9766,3,0.03082,-0.20215,-0.05438,0.97736,-6.70703,0.37891,-8.76172,-0.72461,-0.10938,-0.95117,-0.12944,-0.40258,0.08950
46,10742,3,0.02893,-0.20221,-0.06012,0.97705,-6.82031,0.40234,-8.80078,-0.94727,-0.16797,-0.77344,-0.14087,-0.40245,0.08798
47,8789,3,0.02570,-0.20251,-0.06519,0.97675,-6.94531,0.39453,-8.75391,-1.16602,-0.21484,-0.59375,-0.15032,-0.40311,0.08337
48,10742,3,0.02130,-0.20306,-0.06940,0.97644,-7.02734,0.30469,-8.64062,-1.40430,-0.29297,-0.42383,-0.15750,-0.40457,0.07599
49,9766,3,0.01526,-0.20386,-0.07336,0.97614,-7.16016,0.40625,-8.59375,-1.66797,-0.34961,-0.23828,-0.16346,-0.40687,0.06505
50,10742,3,0.00800,-0.20490,-0.07654,0.97577,-7.23047,0.33203,-8.43359,-1.93750,-0.38867,-0.05469,-0.16721,-0.41002,0.05123
51,9765,3,-0.00092,-0.20605,-0.07910,0.97534,-7.10547,0.18750,-8.14844,-2.16211,-0.41602,0.13672,-0.16891,-0.41380,0.03366
52,9766,3,-0.01111,-0.20721,-0.08093,0.97485,-7.06250,-0.28125,-7.20703,-2.36133,-0.45312,0.33789,-0.16842,-0.41788,0.01300
53,10742,3,-0.02246,-0.20844,-0.08203,0.97430,-7.01562,-0.53125,-6.80078,-2.55859,-0.48828,0.54688,-0.16574,-0.42231,-0.01049
54,9766,3,-0.03510,-0.20972,-0.08228,0.97369,-6.97656,-0.72656,-6.33984,-2.73242,-0.53711,0.74414,-0.16053,-0.42701,-0.03718
55,11719,3,-0.04858,-0.21100,-0.08179,0.97284,-6.67969,-1.30469,-5.22656,-2.87500,-0.60547,0.93359,-0.15324,-0.43178,-0.06613
56,7812,3,-0.06317,-0.21240,-0.08051,0.97180,-6.40625,-1.56641,-4.60547,-2.97656,-0.69141,1.10156,-0.14356,-0.43676,-0.09792
57,10742,3,-0.07904,-0.21417,-0.07825,0.97046,-6.02344,-1.73047,-3.80859,-3.03906,-0.79297,1.24414,-0.13095,-0.44233,-0.13305
58,9766,3,-0.09546,-0.21619,-0.07526,0.96875,-5.37891,-1.95312,-3.00391,-3.08789,-0.86328,1.36914,-0.11625,-0.44808,-0.16993
59,9766,3,-0.11230,-0.21851,-0.07159,0.96667,-3.69531,-2.85938,-1.10938,-3.09961,-0.89258,1.46484,-0.09958,-0.45399,-0.20830
60,10742,3,-0.12866,-0.22089,-0.06757,0.96442,-2.96875,-3.27344,0.07422,-3.05078,-0.91797,1.54297,-0.08208,-0.45943,-0.24605
61,9765,3,-0.14557,-0.22327,-0.06305,0.96179,-2.05078,-3.71094,1.18750,-2.91992,-0.92383,1.61523,-0.06298,-0.46431,-0.28553
62,9766,3,-0.16187,-0.22559,-0.05804,0.95892,-1.23047,-4.05859,2.49219,-2.74609,-0.93750,1.64453,-0.04293,-0.46837,-0.32420
63,12695,3,-0.17755,-0.22791,-0.05261,0.95593,1.19922,-4.71875,4.69531,-2.57422,-0.97266,1.61328,-0.02207,-0.47169,-0.36198
64,6836,3,-0.19189,-0.23022,-0.04712,0.95288,2.59766,-4.85938,6.05078,-2.33789,-0.96289,1.55664,-0.00162,-0.47442,-0.39706
65,9766,3,-0.20551,-0.23279,-0.04132,0.94965,4.30859,-5.07031,7.60156,-1.96289,-0.96875,1.41602,0.01936,-0.47702,-0.43094
66,10742,3,-0.21783,-0.23547,-0.03558,0.94647,8.85156,-5.28516,10.26172,-1.55859,-0.88281,1.16602,0.03972,-0.47941,-0.46214
67,9766,3,-0.22809,-0.23822,-0.03033,0.94354,11.17188,-5.35938,11.52344,-1.19336,-0.58789,0.86133,0.05807,-0.48182,-0.48864
68,10742,3,-0.23584,-0.24042,-0.02625,0.94122,13.03906,-5.59375,12.68750,-0.76953,-0.20703,0.55078,0.07235,-0.48358,-0.50887
69,9765,3,-0.24139,-0.24139,-0.02350,0.93964,14.49609,-5.60156,13.44141,-0.26367,0.17188,0.16406,0.08185,-0.48362,-0.52312
70,9766,3,-0.24426,-0.24103,-0.02222,0.93903,15.89062,-4.85547,13.76953,0.19531,0.52734,-0.28711,0.08590,-0.48195,-0.53009
71,9766,3,-0.24432,-0.23956,-0.02289,0.93933,15.48438,-4.47266,13.13281,0.56641,0.85352,-0.68359,0.08357,-0.47942,-0.52937
72,9765,3,-0.24182,-0.23700,-0.02539,0.94061,14.58984,-4.09766,12.28125,0.90430,1.04883,-1.01367,0.07528,-0.47587,-0.52155
73,10743,3,-0.23712,-0.23370,-0.02960,0.94250,11.91016,-3.27344,10.09766,1.19141,1.13867,-1.28320,0.06182,-0.47187,-0.50781
74,9765,3,-0.23065,-0.23010,-0.03497,0.94476,10.70703,-3.12891,8.92188,1.43359,1.16992,-1.54297,0.04490,-0.46782,-0.48961
75,9766,3,-0.22266,-0.22656,-0.04132,0.94727,9.69531,-2.98047,7.89453,1.65234,1.16992,-1.79102,0.02529,-0.46415,-0.46770
76,9765,3,-0.21320,-0.22321,-0.04871,0.94989,8.56250,-3.08984,6.89453,1.84961,1.14844,-2.00195,0.00295,-0.46099,-0.44226
77,10743,3,-0.20288,-0.22034,-0.05658,0.95239,6.17188,-2.87891,4.91016,1.99609,1.12500,-2.15430,-0.02049,-0.45857,-0.41499
78,9765,3,-0.19055,-0.21747,-0.06586,0.95502,5.14453,-2.82422,3.74219,2.10547,1.08594,-2.27148,-0.04782,-0.45612,-0.38278
79,12696,3,-0.17792,-0.21497,-0.07520,0.95734,4.08984,-2.89062,2.78125,2.20508,1.02734,-2.35352,-0.07515,-0.45375,-0.35014
80,6835,3,-0.16510,-0.21283,-0.08459,0.95929,3.25391,-2.77344,1.86719,2.27930,0.98438,-2.43164,-0.10246,-0.45147,-0.31733
81,10743,3,-0.15137,-0.21094,-0.09442,0.96106,2.16016,-2.48438,0.26562,2.29883,0.95898,-2.51562,-0.13095,-0.44898,-0.28249
82,9765,3,-0.13672,-0.20917,-0.10492,0.96259,1.45312,-2.44531,-0.56250,2.29102,0.93359,-2.56250,-0.16119,-0.44600,-0.24555
83,9766,3,-0.12250,-0.20758,-0.11536,0.96362,0.78906,-2.39844,-1.34766,2.25391,0.89648,-2.56250,-0.19092,-0.44265,-0.20981
84,9766,3,-0.10828,-0.20605,-0.12585,0.96436,-0.60547,-2.16797,-2.69531,2.20117,0.83008,-2.52148,-0.22061,-0.43860,-0.17426
85,10742,3,-0.09424,-0.20465,-0.13629,0.96472,-1.07422,-1.97266,-3.31250,2.11914,0.76953,-2.48438,-0.24992,-0.43404,-0.13937
86,9765,3,-0.08075,-0.20349,-0.14636,0.96472,-1.37891,-1.91016,-4.02344,1.96094,0.67188,-2.47461,-0.27800,-0.42931,-0.10603
87,12696,3,-0.08075,-0.20349,-0.14636,0.96472,-1.64453,-1.73828,-4.80859,1.75000,0.64453,-2.44531,-0.27800,-0.42931,-0.10603
88,6836,3,-0.05621,-0.20166,-0.16626,0.96362,-2.76562,-1.41406,-5.60547,1.56055,0.65039,-2.37891,-0.33208,-0.41952,-0.04521
89,10742,3,-0.04492,-0.20062,-0.17657,0.96259,-3.17578,-1.39844,-6.02734,1.40430,0.62305,-2.29102,-0.35926,-0.41380,-0.01707
90,9765,3,-0.03479,-0.19940,-0.18640,0.96136,-3.73438,-1.27734,-6.51953,1.21289,0.54688,-2.17969,-0.38471,-0.40758,0.00811
91,9766,3,-0.02557,-0.19830,-0.19580,0.96002,-4.25391,-1.14453,-7.12500,0.98242,0.45898,-2.03516,-0.40870,-0.40148,0.03103
92,10742,3,-0.01770,-0.19720,-0.20483,0.95856,-5.12891,-0.51172,-7.86719,0.72656,0.43555,-1.86914,-0.43123,-0.39555,0.05080
93,9766,3,-0.01123,-0.19617,-0.21320,0.95703,-5.38672,-0.36328,-8.18359,0.48242,0.41602,-1.70117,-0.45167,-0.39010,0.06725
94,9765,3,-0.00610,-0.19489,-0.22113,0.95557,-5.69141,-0.25000,-8.46484,0.23242,0.37695,-1.53125,-0.47050,-0.38455,0.08048
95,9766,3,-0.00238,-0.19348,-0.22833,0.95416,-6.33594,0.11719,-8.98047,-0.01562,0.31055,-1.33789,-0.48713,-0.37934,0.09035
96,10742,3,0.00000,-0.19202,-0.23505,0.95282,-6.51953,0.24609,-9.37109,-0.28125,0.24219,-1.14648,-0.50214,-0.37462,0.09715
97,9766,3,0.00079,-0.19055,-0.24091,0.95166,-6.59375,0.36719,-9.61719,-0.57617,0.17578,-0.97070,-0.51469,-0.37073,0.10029
98,9766,3,0.00006,-0.18909,-0.24622,0.95056,-6.64844,0.47656,-9.92969,-0.88281,0.09961,-0.81836,-0.52553,-0.36770,0.10008
99,11718,3,-0.00226,-0.18762,-0.25085,0.94965,-6.93750,0.66797,-10.35156,-1.17383,0.00000,-0.67578,-0.53434,-0.36558,0.09635
100,8789,3,-0.00641,-0.18610,-0.25525,0.94879,-7.19141,0.65234,-10.51172,-1.47461,-0.11914,-0.50391,-0.54197,-0.36441,0.08878
101,9766,3,-0.01233,-0.18475,-0.25916,0.94794,-7.61328,0.75391,-10.58984,-1.76172,-0.24023,-0.28516,-0.54804,-0.36468,0.07756
102,9766,3,-0.01996,-0.18353,-0.26233,0.94714,-7.81250,0.81250,-10.59766,-2.00781,-0.38086,-0.09961,-0.55200,-0.36628,0.06268
103,9765,3,-0.02899,-0.18262,-0.26465,0.94647,-7.30469,1.08984,-10.77344,-2.29297,-0.52930,0.04102,-0.55368,-0.36936,0.04481
104,10742,3,-0.02899,-0.18262,-0.26465,0.94647,-6.88672,1.08594,-10.83203,-2.60156,-0.62109,0.16016,-0.55368,-0.36936,0.04481
105,9766,3,-0.05212,-0.18146,-0.26782,0.94482,-6.57812,1.08203,-10.72656,-2.91406,-0.66797,0.30078,-0.55216,-0.37986,-0.00140
106,9766,3,-0.06610,-0.18085,-0.26868,0.94379,-5.94531,0.72656,-10.61719,-3.24414,-0.70703,0.42773,-0.54886,-0.38643,-0.02979
107,9765,3,-0.08203,-0.17987,-0.26910,0.94263,-5.80859,0.40234,-10.45703,-3.57812,-0.74805,0.56250,-0.54368,-0.39330,-0.06266
108,10742,3,-0.09930,-0.17859,-0.26904,0.94122,-5.71875,-0.01172,-10.20312,-3.89258,-0.84180,0.67578,-0.53679,-0.40020,-0.09879
109,11719,3,-0.11841,-0.17712,-0.26862,0.93939,-5.65625,-0.34375,-9.84766,-4.17969,-1.00586,0.79297,-0.52823,-0.40758,-0.13911
110,7813,3,-0.13855,-0.17566,-0.26788,0.93713,-5.82812,-2.08984,-8.51953,-4.46875,-1.06641,0.97656,-0.51842,-0.41528,-0.18194
111,9765,3,-0.13855,-0.17566,-0.26788,0.93713,-6.04297,-3.40625,-7.20703,-4.76758,-1.05273,1.14844,-0.51842,-0.41528,-0.18194
112,10743,3,-0.18573,-0.17206,-0.26410,0.93066,-6.07422,-5.02344,-5.61719,-4.90234,-1.10938,1.36719,-0.49026,-0.43165,-0.28438
113,9765,3,-0.21039,-0.16968,-0.26093,0.92676,-5.50781,-6.76172,-3.67578,-4.84375,-1.11328,1.64258,-0.47263,-0.43817,-0.33933
114,9766,3,-0.23566,-0.16693,-0.25659,0.92236,-3.05078,-10.51953,0.82422,-4.57617,-0.95508,1.84570,-0.45214,-0.44325,-0.39672
115,12695,3,-0.26007,-0.16364,-0.25092,0.91797,-1.37109,-11.37891,3.22656,-4.13281,-0.78906,1.88672,-0.42922,-0.44551,-0.45349
116,7813,3,-0.28186,-0.15991,-0.24463,0.91388,0.06250,-11.59375,5.32422,-3.57422,-0.60742,1.77734,-0.40652,-0.44468,-0.50521
117,9765,3,-0.30176,-0.15588,-0.23810,0.90991,2.58203,-10.88281,7.82422,-3.01758,-0.48438,1.52930,-0.38463,-0.44160,-0.55308
118,9766,3,-0.31927,-0.15192,-0.23169,0.90625,3.05078,-9.60938,8.32422,-2.56250,-0.46484,1.25977,-0.36446,-0.43709,-0.59565
119,10742,3,-0.33331,-0.14874,-0.22644,0.90308,3.05859,-8.32031,8.45312,-2.21484,-0.48828,1.09570,-0.34831,-0.43299,-0.62980
120,9766,3,-0.34546,-0.14636,-0.22174,0.90002,3.16797,-7.37891,8.52344,-1.93164,-0.39453,1.05859,-0.33402,-0.42978,-0.65943
121,9765,3,-0.35645,-0.14429,-0.21716,0.89722,4.46875,-6.57031,9.54688,-1.64258,-0.16406,1.03711,-0.32050,-0.42653,-0.68634
122,10742,3,-0.36511,-0.14197,-0.21307,0.89508,5.28125,-6.19141,10.18359,-1.32031,0.12500,0.98242,-0.30940,-0.42215,-0.70781
123,9766,3,-0.37244,-0.13873,-0.20935,0.89343,5.71875,-5.82422,10.62109,-0.96680,0.45898,0.94531,-0.30045,-0.41570,-0.72609
124,9766,3,-0.37793,-0.13458,-0.20599,0.89252,5.80469,-5.58984,10.94531,-0.62500,0.69922,0.89062,-0.29388,-0.40710,-0.74002
125,9765,3,-0.38141,-0.12958,-0.20319,0.89246,5.13281,-4.46875,10.09375,-0.34180,0.74219,0.75977,-0.29007,-0.39658,-0.74907
126,10743,3,-0.38336,-0.12445,-0.20087,0.89288,4.77734,-3.83203,9.28906,-0.08789,0.69531,0.60352,-0.28812,-0.38573,-0.75446
127,8789,3,-0.38397,-0.11987,-0.19904,0.89362,4.51562,-3.44922,8.77734,0.18750,0.64453,0.46680,-0.28741,-0.37589,-0.75663
128,10742,3,-0.38336,-0.11615,-0.19751,0.89471,3.90625,-3.00391,8.21484,0.46484,0.64062,0.39062,-0.28723,-0.36750,-0.75588
129,12695,3,-0.38147,-0.11292,-0.19623,0.89624,3.55469,-2.73828,7.82422,0.72461,0.61133,0.36328,-0.28771,-0.35981,-0.75214
130,6836,3,-0.37848,-0.11023,-0.19501,0.89807,3.19531,-2.33984,7.22656,0.89453,0.56836,0.28906,-0.28834,-0.35289,-0.74594
131,10742,3,-0.37439,-0.10791,-0.19385,0.90033,2.87500,-1.91797,6.58984,0.97266,0.64258,0.22461,-0.28921,-0.34635,-0.73723
132,9766,3,-0.36951,-0.10565,-0.19299,0.90283,2.55469,-1.58984,5.96094,1.12695,0.78711,0.20312,-0.29088,-0.33989,-0.72669
133,9765,3,-0.36414,-0.10321,-0.19244,0.90540,2.57812,-1.57422,6.10156,1.35938,0.76953,0.05859,-0.29340,-0.33317,-0.71510
134,9766,3,-0.35779,-0.10077,-0.19232,0.90820,2.02734,-1.30078,5.38672,1.58398,0.58984,-0.03711,-0.29703,-0.32643,-0.70129
135,10742,3,-0.35046,-0.09918,-0.19244,0.91119,1.15625,-1.32422,3.96875,1.59570,0.38672,-0.02734,-0.30086,-0.32114,-0.68527
136,9766,3,-0.34271,-0.09863,-0.19244,0.91418,0.91797,-1.35938,3.55469,1.47266,0.32031,0.04688,-0.30389,-0.31757,-0.66831
137,9766,3,-0.33527,-0.09857,-0.19189,0.91705,0.78906,-1.26953,3.26172,1.41406,0.23438,0.08789,-0.30536,-0.31465,-0.65218
