lineno,time,accurate,i,j,k,r,aX,aY,aZ,gX,gY,gZ,rx,ry,rz
0,1291992,3,0.22699,-0.04724,0.87323,0.42859,-0.79688,0.21094,-3.07422,-0.36719,-0.09766,0.06836,2.20029,-0.45219,0.12492
1,10742,3,0.22668,-0.04895,0.87323,0.42853,-0.92188,0.08203,-3.38281,-0.45508,-0.06641,0.09961,2.20117,-0.45323,0.12131
2,9766,3,0.22620,-0.05103,0.87329,0.42853,-1.24219,-0.02344,-3.75781,-0.56250,-0.06250,0.12891,2.20220,-0.45424,0.11682
3,9765,3,0.22528,-0.05353,0.87335,0.42847,-2.13281,-0.04688,-4.72266,-0.68359,-0.07227,0.19922,2.20366,-0.45492,0.11106
4,10743,3,0.22528,-0.05353,0.87335,0.42847,-2.74609,-0.03125,-5.17188,-0.82812,-0.09766,0.30469,2.20366,-0.45492,0.11106
5,9765,3,0.22290,-0.06024,0.87384,0.42792,-3.32812,0.08594,-5.63281,-0.98828,-0.16211,0.41016,2.20866,-0.45683,0.09539
6,9766,3,0.22144,-0.06476,0.87421,0.42719,-3.72656,0.21875,-6.01562,-1.17969,-0.23828,0.51172,2.21273,-0.45840,0.08481
7,9765,3,0.21985,-0.07043,0.87469,0.42615,-4.54688,0.37500,-6.69922,-1.39062,-0.32617,0.63867,2.21807,-0.46077,0.07169
8,10743,3,0.21814,-0.07727,0.87518,0.42480,-4.88281,0.46875,-6.94922,-1.60352,-0.42773,0.77734,2.22457,-0.46396,0.05603
9,9765,3,0.21631,-0.08539,0.87573,0.42303,-5.10547,0.59375,-7.08984,-1.82422,-0.52539,0.92773,2.23264,-0.46803,0.03750
10,9766,3,0.21448,-0.09448,0.87628,0.42090,-5.29688,0.39062,-7.06641,-2.05078,-0.63477,1.07031,2.24198,-0.47287,0.01681
11,9766,3,0.21240,-0.10559,0.87689,0.41809,-5.46875,0.30078,-6.95703,-2.28516,-0.74805,1.23438,2.25387,-0.47890,-0.00854
12,10742,3,0.21033,-0.11761,0.87738,0.41486,-5.69922,0.11719,-6.72656,-2.49414,-0.85938,1.41602,2.26716,-0.48553,-0.03605
13,11718,3,0.20807,-0.13129,0.87787,0.41089,-5.76172,0.03516,-6.32812,-2.68164,-1.01172,1.58203,2.28308,-0.49292,-0.06761
14,7813,3,0.20599,-0.14532,0.87823,0.40643,-5.36328,-0.60938,-5.56641,-2.85547,-1.16406,1.76562,2.30038,-0.50058,-0.10026
15,10742,3,0.20386,-0.16150,0.87842,0.40094,-4.93750,-0.98828,-4.94531,-3.00781,-1.30664,1.96289,2.32124,-0.50939,-0.13818
16,9766,3,0.20184,-0.17932,0.87842,0.39435,-4.05469,-1.37109,-4.26172,-3.11328,-1.42969,2.07031,2.34570,-0.51901,-0.18045
17,9765,3,0.19995,-0.19763,0.87811,0.38715,-1.17578,-2.70312,-2.28906,-3.14062,-1.48047,2.14258,2.37208,-0.52844,-0.22451
18,9766,3,0.19818,-0.21625,0.87750,0.37939,0.36328,-3.19531,-1.07422,-3.10938,-1.46289,2.16211,2.40019,-0.53740,-0.27001
19,9766,3,0.19635,-0.23468,0.87659,0.37134,2.13672,-3.50391,0.26172,-3.05664,-1.36914,2.08203,2.42918,-0.54517,-0.31589
20,9765,3,0.19434,-0.25305,0.87537,0.36322,4.05078,-3.80469,1.61328,-3.01172,-1.16602,1.96289,2.45854,-0.55161,-0.36229
21,12696,3,0.19189,-0.26971,0.87390,0.35590,7.15625,-4.59375,4.25781,-2.91406,-0.88281,1.81836,2.48510,-0.55555,-0.40510
22,7812,3,0.18854,-0.28632,0.87219,0.34894,8.37109,-4.51172,5.60938,-2.72070,-0.66016,1.63086,2.51065,-0.55706,-0.44825
23,9766,3,0.18433,-0.30212,0.87024,0.34259,9.26953,-4.44531,6.87500,-2.47266,-0.49219,1.37500,2.53394,-0.55608,-0.48980
24,10742,3,0.18011,-0.31580,0.86829,0.33740,10.01172,-4.72266,8.12109,-2.15234,-0.34375,1.11719,2.55302,-0.55380,-0.52580
25,9766,3,0.17609,-0.32758,0.86633,0.33331,11.33203,-5.41406,10.35156,-1.76758,-0.19141,0.90625,2.56824,-0.55095,-0.55673
26,10742,3,0.17236,-0.33734,0.86456,0.33008,11.89844,-5.83984,11.28906,-1.33203,-0.07812,0.62305,2.58019,-0.54776,-0.58239
27,9765,3,0.16913,-0.34497,0.86310,0.32776,12.68750,-6.15234,12.13281,-0.82812,0.00000,0.20508,2.58880,-0.54462,-0.60239
28,9766,3,0.16681,-0.34998,0.86194,0.32672,13.54688,-6.41016,12.99219,-0.30078,0.10547,-0.20898,2.59320,-0.54247,-0.61527
29,9766,3,0.16571,-0.35229,0.86102,0.32721,13.20312,-6.48047,12.82422,0.17383,0.20898,-0.62109,2.59302,-0.54207,-0.62070
30,10742,3,0.16571,-0.35193,0.86035,0.32928,12.52734,-6.37891,12.31641,0.61523,0.31641,-0.97266,2.58809,-0.54327,-0.61868
31,8789,3,0.16663,-0.34912,0.85999,0.33276,11.74609,-6.17578,11.63672,1.00000,0.41992,-1.24609,2.57888,-0.54564,-0.60989
32,10742,3,0.16833,-0.34430,0.85986,0.33722,9.63672,-5.48047,9.62109,1.31836,0.52539,-1.43945,2.56649,-0.54887,-0.59558
33,9766,3,0.17065,-0.33710,0.85999,0.34302,8.57031,-5.04297,8.42969,1.58203,0.59180,-1.59570,2.54970,-0.55246,-0.57471
34,10742,3,0.17334,-0.32843,0.86029,0.34924,7.46094,-4.61328,7.10156,1.79102,0.59961,-1.74609,2.53099,-0.55584,-0.55003
35,8789,3,0.17645,-0.31873,0.86060,0.35577,6.43359,-4.19531,5.80469,1.92969,0.61328,-1.87891,2.51083,-0.55924,-0.52256
36,10742,3,0.17999,-0.30811,0.86084,0.36279,4.74609,-3.42578,3.62891,2.03516,0.60352,-1.99805,2.48889,-0.56268,-0.49240
37,12695,3,0.18408,-0.29645,0.86090,0.37030,3.94922,-3.12891,2.52344,2.12500,0.56836,-2.10742,2.46498,-0.56626,-0.45924
38,6836,3,0.18823,-0.28503,0.86066,0.37762,3.28906,-2.91406,1.65625,2.19141,0.57422,-2.19336,2.44130,-0.56958,-0.42662
39,9766,3,0.19293,-0.27252,0.86011,0.38562,2.82812,-2.80469,0.89453,2.23047,0.61719,-2.27539,2.41508,-0.57291,-0.39067
40,10742,3,0.19788,-0.25916,0.85925,0.39410,2.00000,-2.52734,-0.36328,2.23828,0.69336,-2.31445,2.38680,-0.57561,-0.35224
41,9766,3,0.20245,-0.24591,0.85822,0.40253,1.44141,-2.54688,-1.03906,2.22070,0.77148,-2.32812,2.35843,-0.57693,-0.31428
42,9765,3,0.20660,-0.23248,0.85693,0.41101,0.90625,-2.56641,-1.75391,2.19141,0.83398,-2.34766,2.32955,-0.57663,-0.27621
43,10743,3,0.21027,-0.21948,0.85547,0.41919,-0.32812,-2.16016,-2.98828,2.12695,0.87109,-2.34375,2.30153,-0.57496,-0.23972
44,9765,3,0.21387,-0.20532,0.85364,0.42828,-0.94922,-2.20312,-3.62109,2.02930,0.89258,-2.30469,2.27060,-0.57162,-0.20032
45,9766,3,0.21698,-0.19189,0.85162,0.43689,-1.45312,-2.14844,-4.23438,1.88086,0.89258,-2.25977,2.24132,-0.56714,-0.16345
46,9765,3,0.21960,-0.17920,0.84943,0.44519,-1.92188,-2.11328,-4.88672,1.70898,0.91797,-2.20312,2.21336,-0.56167,-0.12902
47,12696,3,0.22174,-0.16711,0.84692,0.45343,-3.09766,-1.69141,-5.80078,1.55273,0.90625,-2.14062,2.18604,-0.55525,-0.09662
48,7812,3,0.22333,-0.15601,0.84442,0.46130,-3.74219,-1.65625,-6.24609,1.39648,0.88867,-2.05469,2.16054,-0.54810,-0.06733
49,9766,3,0.22461,-0.14545,0.84161,0.46912,-4.17578,-1.60938,-6.60547,1.24219,0.86523,-1.94141,2.13559,-0.54047,-0.03976
50,9766,3,0.22546,-0.13519,0.83868,0.47693,-5.33984,-1.14453,-7.45703,1.08398,0.81836,-1.80859,2.11118,-0.53189,-0.01359
51,10742,3,0.22601,-0.12610,0.83588,0.48413,-5.80859,-1.03516,-7.85156,0.91016,0.76562,-1.67188,2.08915,-0.52349,0.00928
52,9765,3,0.22626,-0.11804,0.83307,0.49072,-6.20312,-0.81641,-8.15625,0.70508,0.70312,-1.51953,2.06924,-0.51537,0.02918
53,9766,3,0.22614,-0.11102,0.83038,0.49695,-6.55469,-0.57812,-8.49609,0.49805,0.61328,-1.34375,2.05104,-0.50742,0.04621
54,9766,3,0.22571,-0.10553,0.82794,0.50238,-7.34375,0.07812,-9.05469,0.28125,0.50195,-1.16016,2.03564,-0.50043,0.05935
55,10742,3,0.22504,-0.10095,0.82556,0.50757,-7.51953,0.32812,-9.30859,0.03711,0.37695,-0.97656,2.02141,-0.49387,0.07020
56,9765,3,0.22418,-0.09796,0.82330,0.51215,-7.70312,0.60156,-9.48438,-0.22266,0.25391,-0.79102,2.00930,-0.48872,0.07746
57,12696,3,0.22308,-0.09656,0.82135,0.51605,-7.86328,0.91406,-9.68359,-0.50977,0.14844,-0.58984,1.99960,-0.48489,0.08105
58,6836,3,0.22174,-0.09674,0.81964,0.51929,-8.38281,1.33594,-9.88281,-0.81445,0.04883,-0.34570,1.99219,-0.48247,0.08104
59,10742,3,0.21985,-0.09875,0.81818,0.52203,-8.56641,1.49219,-9.88281,-1.13867,-0.07031,-0.09180,1.98691,-0.48121,0.07672
60,9765,3,0.21741,-0.10272,0.81696,0.52417,-8.67188,1.60938,-9.92969,-1.47852,-0.17383,0.16211,1.98403,-0.48128,0.06783
61,9766,3,0.21454,-0.10840,0.81616,0.52539,-8.29688,1.53516,-9.65234,-1.78711,-0.28320,0.39648,1.98419,-0.48265,0.05478
62,10742,3,0.21100,-0.11609,0.81567,0.52594,-7.89844,1.37500,-9.29297,-2.03516,-0.41211,0.57812,1.98707,-0.48517,0.03682
63,9766,3,0.20715,-0.12531,0.81543,0.52582,-7.46484,1.29297,-9.00781,-2.26953,-0.55664,0.73633,1.99231,-0.48884,0.01529
64,9766,3,0.20306,-0.13605,0.81519,0.52509,-7.15625,1.16016,-8.67188,-2.49805,-0.66602,0.89453,1.99957,-0.49377,-0.00972
65,9765,3,0.19861,-0.14874,0.81494,0.52374,-6.20703,0.73047,-7.86719,-2.75000,-0.77734,1.02734,2.00919,-0.50010,-0.03920
66,10742,3,0.19409,-0.16193,0.81464,0.52197,-5.79688,0.37500,-7.35156,-3.02344,-0.86133,1.16602,2.02006,-0.50668,-0.07005
67,9766,3,0.18903,-0.17688,0.81427,0.51959,-5.42969,-0.17188,-6.47656,-3.28320,-0.89062,1.36133,2.03338,-0.51396,-0.10541
68,9766,3,0.18329,-0.19305,0.81378,0.51660,-5.17578,-0.93359,-5.35547,-3.45312,-0.83789,1.59961,2.04891,-0.52104,-0.14444
69,12695,3,0.17670,-0.21033,0.81342,0.51276,-3.76953,-3.22266,-2.26562,-3.48828,-0.74805,1.80273,2.06738,-0.52723,-0.18734
70,7812,3,0.16943,-0.22742,0.81323,0.50812,-2.60547,-4.05078,-0.55859,-3.42773,-0.64258,1.91211,2.08789,-0.53136,-0.23139
71,9766,3,0.16144,-0.24457,0.81329,0.50275,-1.50781,-4.72656,1.01562,-3.24805,-0.55664,1.91992,2.11039,-0.53340,-0.27698
72,9766,3,0.15283,-0.26166,0.81335,0.49664,0.64453,-5.76953,3.92969,-2.94922,-0.59180,1.82227,2.13437,-0.53345,-0.32363
73,9765,3,0.14490,-0.27734,0.81335,0.49048,1.69531,-5.73828,4.97266,-2.66211,-0.69922,1.66016,2.15742,-0.53257,-0.36686
74,10742,3,0.13818,-0.29163,0.81311,0.48444,2.77344,-5.59766,5.91016,-2.46289,-0.79492,1.49414,2.17903,-0.53203,-0.40604
75,9766,3,0.13263,-0.30505,0.81256,0.47858,4.00781,-5.51562,6.99219,-2.24805,-0.84766,1.33594,2.19950,-0.53234,-0.44234
76,9766,3,0.12811,-0.31775,0.81171,0.47302,7.02734,-5.76953,9.73828,-1.92578,-0.89258,1.14844,2.21875,-0.53354,-0.47613
77,12695,3,0.12476,-0.32886,0.81073,0.46796,9.04688,-5.55078,11.16797,-1.52148,-0.86914,0.90820,2.23601,-0.53528,-0.50545
78,6836,3,0.12274,-0.33807,0.80975,0.46362,11.24609,-5.30859,12.28125,-1.11914,-0.69336,0.60547,2.25072,-0.53781,-0.52937
79,10742,3,0.12158,-0.34570,0.80878,0.46002,13.22266,-5.33984,13.25391,-0.68555,-0.36523,0.27734,2.26302,-0.54067,-0.54888
80,9766,3,0.12085,-0.35107,0.80786,0.45776,15.88281,-5.47656,14.70312,-0.17969,0.02148,-0.06250,2.27101,-0.54294,-0.56245
81,10742,3,0.12036,-0.35327,0.80719,0.45728,16.33203,-5.32812,14.71875,0.31445,0.39648,-0.43555,2.27313,-0.54384,-0.56790
82,9766,3,0.12012,-0.35242,0.80688,0.45862,16.07422,-5.07422,14.17578,0.72266,0.65625,-0.81836,2.26939,-0.54344,-0.56535
83,9765,3,0.12030,-0.34882,0.80664,0.46167,13.92578,-4.13672,11.59375,1.04688,0.78125,-1.18945,2.26015,-0.54238,-0.55550
84,9766,3,0.12122,-0.34283,0.80627,0.46655,12.43359,-3.82422,10.16406,1.27539,0.84961,-1.51953,2.24542,-0.54145,-0.53884
85,10742,3,0.12299,-0.33533,0.80554,0.47278,11.04688,-3.67188,8.80859,1.47461,0.85742,-1.80273,2.22671,-0.54126,-0.51745
86,9766,3,0.12561,-0.32672,0.80438,0.48004,9.62109,-3.50781,7.51953,1.65820,0.82422,-2.01758,2.20488,-0.54189,-0.49241
87,9765,3,0.12909,-0.31720,0.80280,0.48810,6.80078,-3.14453,5.26562,1.80078,0.80078,-2.17188,2.18051,-0.54324,-0.46423
88,10742,3,0.13336,-0.30695,0.80084,0.49664,5.75000,-3.02734,4.19922,1.91211,0.77539,-2.29688,2.15432,-0.54508,-0.43348
89,9766,3,0.13831,-0.29590,0.79858,0.50555,4.83984,-3.04688,3.16016,1.99609,0.73242,-2.39453,2.12649,-0.54694,-0.40019
90,9766,3,0.14368,-0.28455,0.79590,0.51471,3.32812,-2.81250,1.49609,2.05078,0.70312,-2.48047,2.09747,-0.54876,-0.36563
91,9765,3,0.14948,-0.27289,0.79291,0.52393,2.91406,-2.82812,0.66016,2.06641,0.68750,-2.58789,2.06771,-0.55034,-0.32990
92,10743,3,0.15552,-0.26105,0.78949,0.53326,2.32422,-2.88672,-0.04688,2.06445,0.74805,-2.63867,2.03704,-0.55151,-0.29340
93,11718,3,0.16162,-0.24890,0.78558,0.54297,1.62891,-3.03125,-0.63281,2.04492,0.82617,-2.62891,2.00486,-0.55179,-0.25590
94,7813,3,0.16718,-0.23694,0.78156,0.55231,0.21094,-2.89844,-2.02734,1.98438,0.87695,-2.59375,1.97346,-0.55044,-0.21965
95,9765,3,0.17273,-0.22394,0.77710,0.56226,-0.53125,-2.82031,-2.75781,1.89648,0.91797,-2.55664,1.93985,-0.54718,-0.18109
96,10743,3,0.17755,-0.21167,0.77264,0.57153,-1.23047,-2.80078,-3.37891,1.80273,0.93945,-2.48828,1.90835,-0.54257,-0.14548
97,9765,3,0.18188,-0.19977,0.76801,0.58063,-1.98438,-2.81250,-3.86328,1.70117,0.92578,-2.41406,1.87761,-0.53679,-0.11152
98,9766,3,0.18579,-0.18817,0.76337,0.58936,-3.32812,-2.35156,-5.01562,1.58203,0.92969,-2.32031,1.84818,-0.52991,-0.07923
99,9765,3,0.18939,-0.17676,0.75854,0.59790,-3.91406,-2.34375,-5.42188,1.44727,0.90625,-2.22070,1.81941,-0.52210,-0.04811
100,9766,3,0.19238,-0.16620,0.75385,0.60583,-4.42578,-2.23828,-5.96484,1.31445,0.82227,-2.12109,1.79293,-0.51376,-0.02006
101,12695,3,0.19519,-0.15625,0.74908,0.61353,-5.54297,-1.69141,-6.74219,1.16992,0.72070,-1.98633,1.76751,-0.50537,0.00619
102,7813,3,0.19757,-0.14771,0.74457,0.62030,-5.86328,-1.42578,-7.11719,1.00391,0.61328,-1.84961,1.74511,-0.49775,0.02863
103,9766,3,0.19989,-0.13959,0.73981,0.62708,-6.10938,-1.30859,-7.46094,0.82031,0.52539,-1.71875,1.72284,-0.49024,0.05007
104,9765,3,0.20197,-0.13251,0.73511,0.63342,-6.35938,-1.12109,-7.75391,0.63672,0.44922,-1.56445,1.70211,-0.48343,0.06900
105,10742,3,0.20355,-0.12695,0.73090,0.63898,-6.80469,-0.71484,-8.15234,0.46875,0.36719,-1.39453,1.68432,-0.47773,0.08405
106,9766,3,0.20483,-0.12195,0.72656,0.64441,-6.98828,-0.61328,-8.39062,0.27539,0.26562,-1.21680,1.66700,-0.47218,0.09761
107,9766,3,0.20569,-0.11823,0.72278,0.64911,-7.10156,-0.39062,-8.67188,0.04688,0.18750,-1.02344,1.65237,-0.46766,0.10790
108,9765,3,0.20605,-0.11591,0.71930,0.65326,-7.15234,-0.14844,-8.87500,-0.19727,0.13086,-0.86719,1.63977,-0.46436,0.11486
109,10742,3,0.20581,-0.11475,0.71613,0.65698,-7.05469,0.35156,-9.22656,-0.45703,0.08008,-0.69531,1.62893,-0.46179,0.11877
110,9766,3,0.20483,-0.11481,0.71332,0.66034,-7.15234,0.49609,-9.30859,-0.70312,0.04102,-0.51172,1.61991,-0.45988,0.11939
111,9766,3,0.20306,-0.11615,0.71088,0.66333,-7.25391,0.60156,-9.27344,-0.92578,0.00391,-0.30859,1.61273,-0.45868,0.11653
112,10742,3,0.20050,-0.11865,0.70892,0.66571,-7.28125,0.92578,-9.31641,-1.16406,-0.05664,-0.10938,1.60791,-0.45810,0.11029
113,9765,3,0.19727,-0.12225,0.70746,0.66760,-7.08984,1.08203,-9.47266,-1.44922,-0.14062,0.05469,1.60518,-0.45819,0.10098
114,9766,3,0.19324,-0.12726,0.70630,0.66901,-6.93750,1.30469,-9.50781,-1.75977,-0.22461,0.20117,1.60443,-0.45923,0.08801
115,9766,3,0.18854,-0.13367,0.70538,0.67010,-6.72266,1.41406,-9.39453,-2.07422,-0.29492,0.33789,1.60525,-0.46130,0.07165
116,9765,3,0.18311,-0.14124,0.70465,0.67084,-6.24219,1.04297,-8.84375,-2.35547,-0.33789,0.50391,1.60763,-0.46400,0.05216
117,12696,3,0.17621,-0.15088,0.70410,0.67114,-5.99609,0.91797,-8.40625,-2.61328,-0.38086,0.66797,1.61230,-0.46750,0.02695
118,7812,3,0.16888,-0.16107,0.70374,0.67102,-5.75391,0.77734,-8.16016,-2.87500,-0.45898,0.79883,1.61840,-0.47111,-0.00006
119,9766,3,0.16058,-0.17273,0.70343,0.67047,-5.48438,0.58203,-7.85938,-3.11719,-0.55273,0.91016,1.62631,-0.47524,-0.03113
120,10742,3,0.15112,-0.18640,0.70306,0.66943,-4.78125,-0.67578,-6.73438,-3.31641,-0.64258,1.02734,1.63631,-0.48031,-0.06745
121,9766,3,0.14160,-0.20032,0.70270,0.66791,-4.40625,-1.32031,-5.98828,-3.45898,-0.68750,1.11133,1.64748,-0.48540,-0.10462
122,9765,3,0.13141,-0.21539,0.70215,0.66583,-3.87109,-1.98047,-5.10547,-3.56836,-0.70117,1.17383,1.66027,-0.49084,-0.14506
123,9766,3,0.12109,-0.23053,0.70154,0.66339,-3.09766,-3.78125,-3.01953,-3.63086,-0.70703,1.24414,1.67392,-0.49581,-0.18613
124,10742,3,0.10999,-0.24652,0.70074,0.66040,-2.43750,-4.41797,-1.69531,-3.60156,-0.65234,1.32227,1.68913,-0.50035,-0.23022
125,9766,3,0.09888,-0.26202,0.69995,0.65698,-1.58203,-4.90234,-0.41797,-3.54883,-0.54102,1.35742,1.70501,-0.50375,-0.27390
126,9765,3,0.08746,-0.27710,0.69922,0.65320,-0.85547,-5.28516,0.76953,-3.50000,-0.33984,1.37891,1.72152,-0.50557,-0.31763
127,11719,3,0.07605,-0.29089,0.69849,0.64941,-0.19531,-6.36719,2.92578,-3.37305,-0.15234,1.42773,1.73724,-0.50528,-0.35919
128,8789,3,0.06360,-0.30426,0.69775,0.64539,-0.01172,-6.38672,3.90234,-3.15820,-0.05273,1.45312,1.75306,-0.50234,-0.40148
129,9766,3,0.05090,-0.31671,0.69727,0.64105,0.26562,-6.36328,4.79297,-2.90625,-0.01172,1.42578,1.76886,-0.49727,-0.44257
130,9765,3,0.03888,-0.32788,0.69690,0.63660,0.66797,-6.25781,5.60547,-2.65625,0.01953,1.36914,1.78382,-0.49119,-0.48043
131,9766,3,0.02777,-0.33783,0.69666,0.63226,1.41797,-6.06250,6.56641,-2.42773,0.05469,1.29297,1.79756,-0.48465,-0.51471
132,10742,3,0.01733,-0.34674,0.69647,0.62799,1.71875,-5.70312,7.01953,-2.18945,0.03320,1.19531,1.81025,-0.47761,-0.54609
133,9766,3,0.00775,-0.35480,0.69635,0.62384,1.97266,-5.33203,7.48438,-1.89844,-0.02148,1.13281,1.82200,-0.47064,-0.57465
134,9765,3,-0.00049,-0.36176,0.69629,0.61993,2.99219,-4.75391,8.41797,-1.56445,-0.01953,1.07031,1.83254,-0.46436,-0.59935
135,12696,3,-0.00800,-0.36804,0.69653,0.61591,3.82031,-4.45703,8.82031,-1.27344,0.07617,0.97656,1.84308,-0.45806,-0.62193
136,6836,3,-0.01404,-0.37262,0.69702,0.61243,4.48828,-4.17188,9.03516,-1.00586,0.21289,0.85938,1.85177,-0.45210,-0.63927
137,10742,3,-0.01971,-0.37610,0.69769,0.60944,5.05078,-3.86328,9.20312,-0.73828,0.35938,0.74219,1.85892,-0.44548,-0.65376
138,9765,3,-0.02521,-0.37836,0.69849,0.60687,5.42578,-3.26562,9.05078,-0.46875,0.47852,0.62695,1.86442,-0.43789,-0.66546
139,10743,3,-0.02972,-0.37915,0.69934,0.60522,5.33594,-2.92578,8.80078,-0.21484,0.56250,0.51953,1.86746,-0.43054,-0.67277
140,9765,3,-0.03363,-0.37866,0.70038,0.60413,5.13672,-2.67969,8.41797,0.01172,0.58789,0.41797,1.86888,-0.42290,-0.67668
141,9766,3,-0.03680,-0.37726,0.70148,0.60358,4.93359,-2.42578,7.94141,0.22656,0.59570,0.30469,1.86892,-0.41561,-0.67777
142,9766,3,-0.03925,-0.37500,0.70270,0.60339,4.39062,-2.07422,7.13672,0.45508,0.57422,0.19727,1.86805,-0.40866,-0.67629
143,10742,3,-0.04071,-0.37201,0.70392,0.60370,4.13672,-1.93750,6.78906,0.68359,0.56250,0.11523,1.86613,-0.40264,-0.67216
144,9765,3,-0.04132,-0.36823,0.70532,0.60431,3.72266,-1.81641,6.46094,0.88672,0.54297,0.05078,1.86361,-0.39712,-0.66549
145,9766,3,-0.04108,-0.36395,0.70685,0.60516,2.99609,-1.47656,5.56250,1.02539,0.51758,-0.00781,1.86076,-0.39242,-0.65688
146,9766,3,-0.04004,-0.35870,0.70856,0.60632,2.73047,-1.34766,5.00781,1.03906,0.64844,-0.07031,1.85719,-0.38791,-0.64551
147,10742,3,-0.03894,-0.35333,0.71014,0.60773,2.61719,-1.26562,5.12109,1.07617,0.72656,-0.19336,1.85306,-0.38348,-0.63376
148,9765,3,-0.03796,-0.34747,0.71143,0.60968,2.50000,-1.15234,4.23438,1.16211,0.65625,-0.29688,1.84736,-0.37866,-0.62107
149,9766,3,-0.03662,-0.34143,0.71240,0.61200,1.00781,-1.43750,3.45703,1.25586,0.59180,-0.29688,1.84075,-0.37443,-0.60755
150,10742,3,-0.03467,-0.33533,0.71338,0.61438,0.62500,-1.57031,2.94922,1.34180,0.53906,-0.29688,1.83424,-0.37102,-0.59325
151,9766,3,-0.03467,-0.33533,0.71338,0.61438,0.26562,-1.55859,2.65625,1.41016,0.50391,-0.29297,1.83424,-0.37102,-0.59325
152,9765,3,-0.02936,-0.32245,0.71564,0.61890,-0.43750,-1.40625,1.91797,1.44727,0.42578,-0.29883,1.82204,-0.36517,-0.56213
