lineno,time,accurate,i,j,k,r,aX,aY,aZ,gX,gY,gZ,rx,ry,rz
0,1261719,3,0.11310,-0.15253,0.65417,0.73212,-0.92969,0.35547,-2.80859,-0.69336,-0.14258,0.21484,1.46551,-0.38042,-0.03658
1,10742,3,0.11102,-0.15521,0.65430,0.73175,-0.97266,0.46094,-3.10938,-0.81250,-0.15820,0.25000,1.46761,-0.38164,-0.04379
2,9766,3,0.10858,-0.15839,0.65448,0.73132,-1.02734,0.61719,-3.47656,-0.97266,-0.17188,0.30273,1.47016,-0.38307,-0.05232
3,9766,3,0.10565,-0.16199,0.65466,0.73077,-1.23438,0.66406,-3.81250,-1.16602,-0.18164,0.37109,1.47316,-0.38448,-0.06226
4,9765,3,0.10217,-0.16620,0.65491,0.73010,-1.55078,0.80469,-4.48828,-1.37109,-0.23242,0.44531,1.47679,-0.38602,-0.07400
5,10742,3,0.09778,-0.17151,0.65521,0.72919,-1.75781,0.94531,-4.76953,-1.62109,-0.28711,0.52930,1.48150,-0.38791,-0.08886
6,9766,3,0.09271,-0.17755,0.65558,0.72809,-1.92578,0.94141,-4.97656,-1.90234,-0.32227,0.64648,1.48702,-0.38990,-0.10592
7,9766,3,0.08673,-0.18481,0.65601,0.72662,-2.25391,1.00391,-5.12891,-2.20703,-0.34375,0.79688,1.49388,-0.39236,-0.12635
8,12695,3,0.07965,-0.19312,0.65656,0.72479,-2.50000,0.71875,-5.16016,-2.52734,-0.41016,0.95117,1.50216,-0.39468,-0.15018
9,7812,3,0.07184,-0.20215,0.65723,0.72253,-2.75391,0.68359,-5.22656,-2.90430,-0.48633,1.12695,1.51177,-0.39687,-0.17646
10,9766,3,0.06195,-0.21368,0.65802,0.71936,-2.96094,0.63672,-5.18750,-3.32227,-0.60938,1.33008,1.52447,-0.39952,-0.21006
11,9766,3,0.05133,-0.22607,0.65887,0.71564,-3.58984,0.07422,-5.48438,-3.77539,-0.72656,1.56641,1.53869,-0.40195,-0.24636
12,10742,3,0.03918,-0.24048,0.65979,0.71082,-3.76562,-0.07031,-5.24219,-4.21875,-0.82227,1.83398,1.55596,-0.40454,-0.28860
13,9766,3,0.02557,-0.25665,0.66077,0.70490,-4.01953,-0.35547,-5.05859,-4.60938,-0.94727,2.11719,1.57619,-0.40674,-0.33635
14,12695,3,0.01031,-0.27466,0.66180,0.69745,-4.14062,-0.71484,-4.84766,-4.90039,-1.09180,2.40625,1.60009,-0.40801,-0.39022
15,6836,3,-0.00519,-0.29309,0.66290,0.68896,-3.70703,-2.02344,-4.40625,-5.13281,-1.27344,2.66992,1.62600,-0.40821,-0.44575
16,10742,3,-0.02283,-0.31427,0.66412,0.67798,-3.58203,-2.51172,-4.02734,-5.26562,-1.31836,2.91406,1.65764,-0.40696,-0.51009
17,9766,3,-0.04065,-0.33569,0.66534,0.66559,-3.39844,-3.45703,-2.44922,-5.11523,-1.30664,3.12305,1.69147,-0.40363,-0.57586
18,12695,3,-0.05859,-0.35657,0.66669,0.65186,-2.48438,-4.03125,-1.09375,-4.87500,-1.39453,3.13086,1.72679,-0.39710,-0.64152
19,6836,3,-0.07532,-0.37598,0.66815,0.63763,-0.76172,-5.18750,0.26172,-4.62305,-1.42188,3.03125,1.76162,-0.38851,-0.70317
20,10742,3,-0.09137,-0.39490,0.66937,0.62262,0.10156,-5.50000,1.13281,-4.35352,-1.45508,2.83398,1.79654,-0.37838,-0.76335
21,9766,3,-0.10681,-0.41364,0.67017,0.60693,0.97656,-5.62891,1.61328,-4.10938,-1.39258,2.58398,1.83134,-0.36713,-0.82259
22,9765,3,-0.12054,-0.43073,0.67023,0.59216,2.33203,-6.08984,2.91797,-3.74609,-1.36523,2.37305,1.86252,-0.35604,-0.87631
23,9766,3,-0.13263,-0.44629,0.66986,0.57837,2.86328,-5.94141,3.70312,-3.30273,-1.30273,2.14453,1.89057,-0.34538,-0.92477
24,10742,3,-0.14337,-0.46045,0.66937,0.56512,3.27344,-5.79688,4.43750,-2.84180,-1.22266,1.85547,1.91661,-0.33470,-0.96881
25,9766,3,-0.15240,-0.47290,0.66882,0.55298,3.63281,-5.73047,4.98828,-2.33203,-1.19727,1.56055,1.93995,-0.32484,-1.00724
26,11718,3,-0.15240,-0.47290,0.66882,0.55298,4.55469,-6.06641,5.28906,-1.89648,-1.15430,1.26562,1.93995,-0.32484,-1.00724
27,7813,3,-0.16425,-0.49231,0.66815,0.53314,5.03906,-6.42188,5.53125,-1.53516,-1.05859,1.01172,1.97852,-0.31042,-1.06504
28,10742,3,-0.16791,-0.50031,0.66797,0.52478,5.57422,-6.62109,5.87109,-1.16211,-0.87305,0.79297,1.99538,-0.30549,-1.08766
29,9766,3,-0.17035,-0.50659,0.66779,0.51801,6.15234,-6.83984,6.28125,-0.70898,-0.68164,0.56641,2.00916,-0.30191,-1.10520
30,9765,3,-0.17188,-0.51123,0.66791,0.51282,7.09375,-6.96875,6.75781,-0.20703,-0.48047,0.34766,2.01998,-0.29919,-1.11783
31,10743,3,-0.17218,-0.51392,0.66852,0.50922,7.41797,-6.93750,6.89062,0.31836,-0.26562,0.15039,2.02806,-0.29756,-1.12472
32,9765,3,-0.17133,-0.51453,0.66974,0.50732,7.76172,-6.81641,6.85938,0.83203,-0.05469,-0.06445,2.03316,-0.29691,-1.12556
33,9766,3,-0.16931,-0.51300,0.67157,0.50708,8.06641,-6.33203,6.42969,1.29883,0.22266,-0.30469,2.03536,-0.29722,-1.12031
34,9765,3,-0.16632,-0.50946,0.67389,0.50861,8.25000,-5.92188,6.22656,1.75195,0.53711,-0.60547,2.03431,-0.29847,-1.10932
35,10743,3,-0.16241,-0.50366,0.67645,0.51221,8.21875,-5.49219,5.77344,2.22461,0.81445,-0.95312,2.02905,-0.30074,-1.09217
36,8789,3,-0.15753,-0.49591,0.67896,0.51794,8.06641,-5.14062,5.24219,2.64844,1.07812,-1.33398,2.01948,-0.30448,-1.06944
37,10742,3,-0.15167,-0.48639,0.68127,0.52563,7.58984,-4.26953,3.94922,2.91406,1.33203,-1.72266,2.00584,-0.30958,-1.04159
38,12695,3,-0.14447,-0.47461,0.68317,0.53589,6.94531,-4.18359,2.99609,3.10547,1.48047,-2.07227,1.98667,-0.31653,-1.00711
39,6836,3,-0.13684,-0.46228,0.68414,0.54730,6.21484,-4.00391,2.10938,3.40234,1.57227,-2.40039,1.96437,-0.32443,-0.97084
40,10742,3,-0.12775,-0.44824,0.68445,0.56067,5.62500,-3.69922,1.62109,3.74609,1.68750,-2.70703,1.93746,-0.33391,-0.92903
41,9766,3,-0.11707,-0.43237,0.68414,0.57562,4.48047,-3.76953,1.01562,4.00000,1.67383,-2.95508,1.90632,-0.34434,-0.88142
42,10742,3,-0.10547,-0.41577,0.68323,0.59094,3.96484,-3.94141,0.19141,4.15820,1.72266,-3.11328,1.87325,-0.35466,-0.83123
43,9766,3,-0.09277,-0.39825,0.68164,0.60681,3.39453,-4.33203,-0.18359,4.30469,1.81055,-3.16211,1.83771,-0.36487,-0.77774
44,11719,3,-0.07965,-0.37976,0.67944,0.62268,2.66797,-3.80469,-1.01172,4.41211,1.88281,-3.18164,1.80027,-0.37334,-0.72189
45,7812,3,-0.06696,-0.36127,0.67700,0.63770,2.14453,-3.66406,-1.58203,4.38867,1.98633,-3.16211,1.76328,-0.37912,-0.66681
46,9766,3,-0.05292,-0.33997,0.67371,0.65399,1.49219,-3.50781,-2.41797,4.22656,2.03125,-3.10938,1.72115,-0.38265,-0.60458
47,9765,3,-0.04028,-0.31970,0.66998,0.66876,0.87109,-3.17578,-3.39453,3.90625,1.98047,-3.04297,1.68123,-0.38294,-0.54680
48,10742,3,-0.02893,-0.30066,0.66571,0.68237,-0.53906,-2.01953,-4.95703,3.57227,1.84180,-2.94141,1.64313,-0.38094,-0.49352
49,9766,3,-0.01770,-0.28143,0.66040,0.69592,-0.97266,-1.44531,-5.49609,3.34961,1.66016,-2.87891,1.60384,-0.37723,-0.44045
50,12695,3,-0.01770,-0.28143,0.66040,0.69592,-1.13281,-1.03906,-5.65234,3.15625,1.55273,-2.78516,1.60384,-0.37723,-0.44045
51,7813,3,0.00238,-0.24829,0.64874,0.71936,-1.40234,-0.94141,-5.66406,2.92383,1.43750,-2.67578,1.53330,-0.36860,-0.34870
52,9766,3,0.01208,-0.23267,0.64227,0.73022,-1.74609,-0.35156,-6.12109,2.69531,1.28516,-2.62500,1.49935,-0.36325,-0.30558
53,10742,3,0.02118,-0.21820,0.63556,0.74030,-1.92188,-0.20312,-6.36719,2.37695,1.18359,-2.57617,1.46713,-0.35755,-0.26572
54,9765,3,0.02942,-0.20538,0.62860,0.74957,-2.18750,-0.09375,-6.73828,1.94336,1.14648,-2.46289,1.43680,-0.35210,-0.23011
55,9766,3,0.03644,-0.19385,0.62122,0.75842,-2.86328,0.54297,-7.46875,1.46289,1.12695,-2.28320,1.40737,-0.34618,-0.19857
56,11719,3,0.04169,-0.18372,0.61371,0.76672,-3.26562,0.76953,-7.69141,1.00000,1.10352,-2.07812,1.37958,-0.33936,-0.17219
57,7812,3,0.04486,-0.17566,0.60681,0.77386,-3.53906,1.13281,-7.82031,0.58789,1.00000,-1.89648,1.35564,-0.33242,-0.15268
58,9766,3,0.04645,-0.16876,0.59979,0.78076,-3.78516,1.60547,-8.09766,0.17969,0.83594,-1.75977,1.33269,-0.32494,-0.13753
59,10742,3,0.04675,-0.16364,0.59308,0.78699,-4.03516,2.39453,-8.39844,-0.23438,0.64648,-1.65234,1.31206,-0.31835,-0.12722
60,9766,3,0.04578,-0.16028,0.58606,0.79297,-4.14453,2.68359,-8.66016,-0.69531,0.41602,-1.54883,1.29212,-0.31291,-0.12144
61,10742,3,0.04364,-0.15918,0.57922,0.79828,-4.45703,2.82812,-8.85156,-1.24414,0.18750,-1.37305,1.27426,-0.30962,-0.12075
62,8789,3,0.04004,-0.16046,0.57251,0.80304,-4.87109,2.64453,-8.92578,-1.86133,0.02734,-1.08984,1.25826,-0.30843,-0.12567
63,10742,3,0.03455,-0.16425,0.56616,0.80701,-5.48438,1.87500,-8.75000,-2.40039,-0.09766,-0.77148,1.24494,-0.30912,-0.13713
64,9766,3,0.02679,-0.17035,0.56049,0.81006,-5.42969,1.73047,-8.37500,-2.79883,-0.32617,-0.52539,1.23499,-0.31099,-0.15560
65,9765,3,0.01740,-0.17847,0.55536,0.81207,-5.14844,1.63672,-8.32031,-3.21875,-0.67188,-0.31055,1.22820,-0.31431,-0.17969
66,12696,3,0.00702,-0.18872,0.55072,0.81305,-5.17188,0.86719,-9.00781,-3.81250,-0.98828,-0.02344,1.22449,-0.32004,-0.20847
67,7812,3,-0.00446,-0.20142,0.54663,0.81281,-5.54688,0.63672,-8.90625,-4.51953,-1.15039,0.28320,1.22449,-0.32841,-0.24265
68,9766,3,-0.01904,-0.21759,0.54260,0.81110,-5.79297,0.70312,-8.56641,-5.08789,-1.30859,0.55469,1.22861,-0.33875,-0.28703
69,9765,3,-0.03595,-0.23596,0.53882,0.80792,-5.82031,0.76562,-8.30078,-5.49414,-1.58203,0.76562,1.23677,-0.34960,-0.33892
70,10743,3,-0.05334,-0.25500,0.53534,0.80347,-5.56250,-0.04297,-7.76953,-5.79102,-1.83203,0.95703,1.24806,-0.36041,-0.39345
71,9765,3,-0.07343,-0.27765,0.53162,0.79681,-5.48828,-0.63281,-7.12891,-6.02539,-1.86328,1.12891,1.26473,-0.37299,-0.45855
72,11719,3,-0.09326,-0.30011,0.52795,0.78900,-5.35156,-1.24219,-5.88672,-6.19141,-1.97656,1.27734,1.28379,-0.38449,-0.52429
73,8789,3,-0.11340,-0.32245,0.52423,0.77997,-4.70703,-1.69922,-5.75781,-6.25586,-2.09180,1.45703,1.30512,-0.39423,-0.59169
74,9766,3,-0.13550,-0.34698,0.52020,0.76849,-4.66406,-3.66797,-3.44531,-6.10156,-2.06641,1.64453,1.33158,-0.40319,-0.66737
75,9765,3,-0.15594,-0.36938,0.51666,0.75647,-4.21094,-4.57812,-2.00391,-5.80469,-2.07227,1.78516,1.35865,-0.40905,-0.73853
76,12696,3,-0.15594,-0.36938,0.51666,0.75647,-3.43359,-5.05078,-0.92188,-5.44141,-2.16211,1.88477,1.35865,-0.40905,-0.73853
77,7812,3,-0.19434,-0.41101,0.51117,0.72943,-1.96875,-6.16406,-0.10156,-5.11914,-2.14062,2.00391,1.41781,-0.41251,-0.87585
78,9766,3,-0.21307,-0.43164,0.50922,0.71344,-1.37891,-6.39453,0.62891,-4.85352,-1.99609,2.08008,1.45189,-0.41031,-0.94574
79,9765,3,-0.22937,-0.44897,0.50787,0.69849,-1.05469,-6.80078,1.57422,-4.46484,-1.76953,2.15039,1.48257,-0.40522,-1.00635
80,12696,3,-0.22937,-0.44897,0.50787,0.69849,-0.47266,-7.09375,2.65234,-3.88672,-1.56055,2.14062,1.48257,-0.40522,-1.00635
81,6836,3,-0.25989,-0.47809,0.50653,0.66882,1.20703,-7.42578,4.11719,-3.18555,-1.31641,2.08203,1.53871,-0.38572,-1.11506
82,10742,3,-0.27325,-0.48938,0.50702,0.65485,2.10156,-7.24609,4.81250,-2.53125,-1.05859,1.99805,1.56336,-0.37237,-1.16030
83,9765,3,-0.28455,-0.49786,0.50842,0.64240,2.89062,-7.23438,4.99609,-2.04297,-0.76953,1.86133,1.58438,-0.35790,-1.19664
84,9766,3,-0.29419,-0.50403,0.51038,0.63159,3.33203,-7.05469,5.18359,-1.66211,-0.53516,1.65430,1.60167,-0.34308,-1.22544
85,9766,3,-0.30243,-0.50830,0.51245,0.62256,3.62500,-6.79297,4.82812,-1.29492,-0.37109,1.39453,1.61512,-0.32882,-1.24786
86,12695,3,-0.30951,-0.51141,0.51434,0.61493,3.47266,-6.46875,4.81641,-0.91211,-0.26758,1.13867,1.62569,-0.31579,-1.26591
87,7812,3,-0.31488,-0.51337,0.51605,0.60907,3.50781,-6.14062,4.65625,-0.56445,-0.16016,0.94531,1.63347,-0.30508,-1.27878
88,9766,3,-0.31897,-0.51447,0.51794,0.60443,3.70703,-5.63281,4.19141,-0.33203,0.01953,0.83789,1.63970,-0.29579,-1.28772
89,10742,3,-0.32251,-0.51453,0.51978,0.60089,3.87891,-5.40234,4.23828,-0.14258,0.24414,0.77148,1.64366,-0.28701,-1.29357
90,9766,3,-0.32550,-0.51355,0.52155,0.59863,4.21484,-4.94922,4.28906,0.11523,0.45703,0.67773,1.64516,-0.27892,-1.29621
91,9766,3,-0.32819,-0.51147,0.52319,0.59747,4.44922,-4.47266,4.35938,0.40820,0.61719,0.53125,1.64420,-0.27108,-1.29606
92,9765,3,-0.33026,-0.50818,0.52502,0.59753,4.36328,-3.50000,4.01562,0.66797,0.75781,0.38672,1.64105,-0.26355,-1.29235
93,10742,3,-0.33148,-0.50415,0.52667,0.59882,4.19141,-3.11719,3.75391,0.90430,0.89648,0.26758,1.63608,-0.25745,-1.28577
94,9766,3,-0.33197,-0.49915,0.52850,0.60114,3.89062,-2.74219,3.55078,1.14258,0.98828,0.14062,1.62958,-0.25186,-1.27606
95,9766,3,-0.33167,-0.49341,0.53027,0.60443,3.63281,-2.37500,3.32031,1.32812,1.00391,-0.05078,1.62167,-0.24723,-1.26372
96,9765,3,-0.33051,-0.48724,0.53204,0.60852,3.28125,-1.99219,2.83984,1.43164,1.01953,-0.24609,1.61300,-0.24371,-1.24922
97,10742,3,-0.32843,-0.48090,0.53345,0.61346,3.15234,-1.83984,2.57031,1.53320,1.03516,-0.44336,1.60337,-0.24197,-1.23299
98,9766,3,-0.32568,-0.47443,0.53442,0.61908,2.99609,-1.77344,2.41406,1.72266,1.02930,-0.64648,1.59280,-0.24165,-1.21555
99,9766,3,-0.32202,-0.46808,0.53503,0.62524,2.55859,-1.64453,2.67188,1.91602,1.04297,-0.84375,1.58185,-0.24313,-1.19701
100,9765,3,-0.31708,-0.46100,0.53546,0.63263,2.21484,-1.80469,2.58984,2.09375,1.07422,-0.94141,1.56923,-0.24620,-1.17504
101,10742,3,-0.31134,-0.45374,0.53564,0.64050,1.87109,-2.01562,2.23438,2.13281,1.18164,-0.91602,1.55595,-0.25032,-1.15158
102,11719,3,-0.30536,-0.44592,0.53583,0.64874,2.60547,-2.92188,2.05469,2.26953,1.24219,-1.14062,1.54171,-0.25405,-1.12669
103,7813,3,-0.29932,-0.43805,0.53564,0.65692,0.80469,-1.60547,2.12109,2.57227,1.29688,-1.25586,1.52700,-0.25773,-1.10186
