lineno,time,accurate,i,j,k,r,aX,aY,aZ,gX,gY,gZ,rx,ry,rz
0,1125000,3,-0.07684,0.20209,-0.15759,0.96356,2.19531,1.41406,0.50391,-0.62695,0.15820,-0.39062,-0.36783,0.37386,-0.22950
1,6836,3,-0.07990,0.20276,-0.15863,0.96301,2.57031,1.25000,1.01953,-0.64844,0.34961,-0.46094,-0.37145,0.37380,-0.23658
2,10742,3,-0.08331,0.20428,-0.16010,0.96216,2.62500,1.08984,1.50000,-0.56445,0.53711,-0.51172,-0.37650,0.37515,-0.24504
3,9766,3,-0.08643,0.20673,-0.16193,0.96100,2.60938,0.80859,2.14453,-0.43750,0.73438,-0.54492,-0.38265,0.37832,-0.25351
4,9766,3,-0.08887,0.20990,-0.16412,0.95972,2.50391,0.44922,2.66797,-0.34961,0.93555,-0.55859,-0.38966,0.38304,-0.26115
5,9765,3,-0.09064,0.21405,-0.16669,0.95819,1.52344,0.15625,3.67188,-0.31445,1.13281,-0.57422,-0.39771,0.38980,-0.26814
6,10742,3,-0.09198,0.21899,-0.16943,0.95648,0.86719,-0.14062,4.14062,-0.30469,1.32227,-0.52344,-0.40644,0.39821,-0.27485
7,9766,3,-0.09302,0.22485,-0.17224,0.95453,-0.03516,-0.32422,4.69141,-0.15234,1.42188,-0.43359,-0.41575,0.40848,-0.28160
8,9766,3,-0.09351,0.23138,-0.17487,0.95245,-1.45703,-0.66797,6.16406,0.17969,1.36523,-0.40625,-0.42492,0.42032,-0.28768
9,9765,3,-0.09265,0.23779,-0.17749,0.95044,-2.16016,-0.73438,6.67969,0.54492,1.22266,-0.40430,-0.43361,0.43250,-0.29105
10,10742,3,-0.09027,0.24341,-0.18036,0.94873,-3.01562,-1.08984,6.91016,0.87305,1.05469,-0.36914,-0.44180,0.44371,-0.29095
11,8789,3,-0.08636,0.24799,-0.18341,0.94733,-3.95703,-1.56641,6.94141,1.25000,0.82227,-0.32812,-0.44918,0.45355,-0.28716
12,10743,3,-0.08124,0.25110,-0.18652,0.94635,-5.46484,-2.36328,6.98438,1.69336,0.54492,-0.29883,-0.45532,0.46111,-0.27992
13,9765,3,-0.07367,0.25287,-0.19019,0.94574,-5.94531,-2.63281,6.74219,2.16992,0.21484,-0.29297,-0.46076,0.46709,-0.26695
14,10742,3,-0.06458,0.25262,-0.19397,0.94574,-6.30469,-2.85938,6.21875,2.55664,-0.05859,-0.22656,-0.46459,0.46987,-0.24947
15,9766,3,-0.05353,0.25055,-0.19806,0.94611,-6.60547,-3.24609,5.58984,2.80273,-0.23047,-0.04883,-0.46726,0.47001,-0.22687
16,9766,3,-0.04132,0.24713,-0.20172,0.94684,-6.69922,-3.19531,3.77344,2.99805,-0.39258,0.16016,-0.46785,0.46825,-0.20077
17,10742,3,-0.02777,0.24268,-0.20477,0.94788,-6.37500,-2.91797,2.89844,3.17188,-0.55859,0.32617,-0.46612,0.46526,-0.17094
18,11719,3,-0.01324,0.23712,-0.20703,0.94904,-5.91016,-2.73828,1.91797,3.33594,-0.72461,0.47266,-0.46201,0.46075,-0.13813
19,7812,3,0.00128,0.23102,-0.20862,0.95032,-5.53516,-2.60547,0.96484,3.52734,-0.90430,0.57227,-0.45649,0.45517,-0.10480
20,9766,3,0.01825,0.22302,-0.20984,0.95178,-4.57031,-2.18359,-0.66797,3.59570,-1.04297,0.65820,-0.44884,0.44693,-0.06532
21,10742,3,0.03461,0.21466,-0.21069,0.95306,-4.46484,-2.44141,-1.71875,3.48828,-1.13086,0.77344,-0.44115,0.43759,-0.02704
22,8789,3,0.05127,0.20544,-0.21100,0.95428,-4.39844,-2.48047,-2.87500,3.31250,-1.25391,0.91797,-0.43256,0.42655,0.01225
23,10742,3,0.06628,0.19635,-0.21039,0.95538,-3.96484,-2.57031,-4.37109,3.14844,-1.38477,1.06641,-0.42337,0.41488,0.04814
24,9766,3,0.08197,0.18585,-0.20886,0.95660,-3.78125,-2.95312,-4.86328,2.93945,-1.55859,1.22070,-0.41244,0.40044,0.08610
25,10742,3,0.09613,0.17505,-0.20648,0.95789,-3.57812,-3.23438,-5.54297,2.61914,-1.75391,1.40820,-0.40105,0.38443,0.12097
26,11719,3,0.10889,0.16357,-0.20319,0.95923,-3.31250,-3.46484,-6.41016,2.14453,-1.79297,1.69727,-0.38907,0.36618,0.15313
27,7812,3,0.11920,0.15234,-0.19849,0.96082,-2.76562,-4.06641,-7.04688,1.56250,-1.66797,2.06641,-0.37576,0.34700,0.18025
28,9766,3,0.12781,0.14105,-0.19153,0.96283,-2.56250,-4.21484,-7.22266,1.01172,-1.50586,2.37305,-0.35898,0.32635,0.20421
29,10742,3,0.13434,0.13031,-0.18201,0.96533,-2.18750,-3.98828,-7.51562,0.55859,-1.50000,2.56641,-0.33811,0.30520,0.22406
30,9766,3,0.13831,0.12067,-0.17120,0.96796,-0.95312,-3.69922,-8.34375,0.00391,-1.45117,2.74609,-0.31581,0.28481,0.23820
31,9765,3,0.14001,0.11139,-0.15906,0.97095,-1.03906,-3.91797,-8.48828,-0.71094,-1.18359,3.03516,-0.29174,0.26389,0.24744
32,9766,3,0.13885,0.10327,-0.14532,0.97412,-1.17188,-4.10938,-8.53516,-1.48633,-0.85938,3.37500,-0.26532,0.24397,0.25046
33,9766,3,0.13440,0.09692,-0.12958,0.97760,-1.00000,-3.92578,-8.76562,-2.25977,-0.63672,3.61328,-0.23542,0.22627,0.24637
34,12695,3,0.12677,0.09235,-0.11237,0.98120,0.12891,-3.21094,-9.16797,-2.94922,-0.48633,3.71094,-0.20297,0.21128,0.23538
35,7812,3,0.11523,0.08868,-0.09296,0.98499,0.56641,-3.00000,-9.04688,-3.44922,-0.48633,3.69336,-0.16668,0.19741,0.21638
36,9766,3,0.10040,0.08557,-0.07281,0.98859,1.05859,-2.68359,-8.88672,-3.74219,-0.64062,3.59375,-0.12934,0.18486,0.19042
37,10742,3,0.08368,0.08221,-0.05286,0.99170,1.56250,-2.31641,-8.68750,-3.90625,-0.86328,3.43945,-0.09258,0.17276,0.16034
38,11719,3,0.06592,0.07800,-0.03369,0.99420,2.74219,-1.85156,-8.09766,-3.89453,-1.08789,3.21484,-0.05748,0.16023,0.12780
39,7812,3,0.04858,0.07300,-0.01636,0.99603,3.58203,-1.23047,-7.57031,-3.70898,-1.35742,2.89258,-0.02577,0.14754,0.09557
40,9766,3,0.03070,0.06647,0.00018,0.99731,4.58984,-0.75781,-7.19531,-3.50195,-1.54688,2.49805,0.00449,0.13296,0.06185
41,10742,3,0.01263,0.05835,0.01556,0.99811,6.23438,-0.11719,-5.91797,-3.38281,-1.64453,1.99219,0.03277,0.11634,0.02722
42,9766,3,-0.00378,0.04999,0.02783,0.99835,7.15234,0.42578,-5.54297,-3.45312,-1.72070,1.39844,0.05550,0.10019,-0.00480
43,9766,3,-0.02002,0.04120,0.03729,0.99823,8.29688,1.00781,-5.16797,-3.63672,-1.76367,0.65234,0.07313,0.08385,-0.03704
44,9765,3,-0.03717,0.03192,0.04333,0.99786,9.32031,1.68750,-4.54688,-3.77930,-1.69727,-0.05664,0.08440,0.06698,-0.07164
45,10742,3,-0.05450,0.02295,0.04559,0.99719,10.85156,1.72656,-2.63672,-3.81445,-1.57422,-0.66406,0.08866,0.05076,-0.10695
46,11719,3,-0.07367,0.01349,0.04468,0.99622,11.51953,1.53516,-1.44141,-3.82031,-1.23438,-1.09570,0.08718,0.03346,-0.14617
47,7813,3,-0.09186,0.00555,0.04138,0.99487,12.45312,1.12500,0.26953,-3.77734,-0.50781,-1.33203,0.08143,0.01866,-0.18338
48,9765,3,-0.11047,-0.00006,0.03632,0.99323,13.14844,0.60547,2.53125,-3.60352,0.41797,-1.42188,0.07222,0.00790,-0.22126
49,10742,3,-0.12982,-0.00183,0.02924,0.99109,13.45312,-0.48438,6.03125,-3.27539,1.37695,-1.43555,0.05846,0.00396,-0.26038
50,9766,3,-0.14697,0.00116,0.02167,0.98889,12.67969,-0.69141,7.39062,-2.93359,2.21484,-1.43555,0.04253,0.00866,-0.29490
51,9766,3,-0.16235,0.00854,0.01349,0.98663,11.57812,-1.06250,8.17969,-2.41406,2.83398,-1.46094,0.02385,0.02124,-0.32593
52,9765,3,-0.17572,0.01965,0.00464,0.98425,8.49609,-1.66406,9.57812,-1.69922,3.22070,-1.59375,0.00223,0.04033,-0.35330
53,10742,3,-0.18604,0.03314,-0.00519,0.98199,6.76953,-2.38672,9.55469,-1.02734,3.26953,-1.78711,-0.02257,0.06320,-0.37517
54,9766,3,-0.19287,0.04749,-0.01587,0.97992,4.76562,-3.09766,9.20703,-0.43359,3.10352,-2.02148,-0.04963,0.08706,-0.39084
55,9766,3,-0.19666,0.06134,-0.02783,0.97815,2.90625,-4.05078,9.10547,0.20703,2.75781,-2.29102,-0.07913,0.10927,-0.40114
56,11718,3,-0.19739,0.07300,-0.04022,0.97681,-0.91406,-5.85938,9.10938,0.90625,2.21875,-2.50586,-0.10848,0.12707,-0.40569
57,8790,3,-0.19495,0.08258,-0.05432,0.97583,-2.78125,-6.75781,9.00000,1.50586,1.72070,-2.59375,-0.14004,0.14045,-0.40422
58,9765,3,-0.18939,0.08954,-0.06927,0.97534,-4.19531,-7.83203,9.09375,2.00391,1.37891,-2.47461,-0.17179,0.14898,-0.39644
59,9766,3,-0.18134,0.09393,-0.08356,0.97534,-5.30469,-8.37109,8.89062,2.44141,1.17773,-2.21680,-0.20076,0.15354,-0.38314
60,9765,3,-0.17096,0.09705,-0.09692,0.97571,-6.69141,-8.34766,8.48438,2.95117,1.13477,-1.88477,-0.22702,0.15687,-0.36483
61,10743,3,-0.17096,0.09705,-0.09692,0.97571,-6.69922,-8.29297,8.30078,3.40625,1.10938,-1.53320,-0.22702,0.15687,-0.36483
62,9765,3,-0.14282,0.10187,-0.11945,0.97723,-6.60547,-7.86719,7.21094,3.65625,1.07812,-1.20117,-0.26944,0.16573,-0.31276
63,9766,3,-0.12573,0.10400,-0.12830,0.97821,-6.16797,-6.25000,4.41016,3.73438,1.00391,-0.93359,-0.28516,0.17206,-0.28043
64,13672,3,-0.10748,0.10596,-0.13574,0.97919,-5.83594,-5.42188,2.94531,3.73828,0.83008,-0.73047,-0.29769,0.17928,-0.24561
65,6836,3,-0.08954,0.10736,-0.14178,0.97998,-5.38281,-4.71484,1.62109,3.66992,0.63867,-0.55859,-0.30714,0.18610,-0.21112
66,9765,3,-0.07141,0.10791,-0.14673,0.98065,-4.94531,-4.13281,0.37109,3.59961,0.45312,-0.40039,-0.31401,0.19187,-0.17585
67,9766,3,-0.05322,0.10767,-0.15088,0.98120,-3.78906,-2.58203,-1.40234,3.56445,0.29297,-0.29297,-0.31898,0.19650,-0.14009
68,10742,3,-0.03497,0.10663,-0.15430,0.98163,-3.18359,-2.31250,-2.13672,3.51758,0.17578,-0.20508,-0.32224,0.19988,-0.10382
69,9766,3,-0.01721,0.10486,-0.15710,0.98187,-2.66016,-1.99609,-2.85938,3.40820,0.10938,-0.13672,-0.32423,0.20187,-0.06818
70,9765,3,-0.00037,0.10278,-0.15930,0.98187,-2.10938,-1.71484,-3.48047,3.12695,0.10742,-0.11914,-0.32517,0.20311,-0.03417
71,9766,3,0.01587,0.10065,-0.16119,0.98163,-1.41797,-0.83203,-5.02734,2.74023,0.15430,-0.10742,-0.32565,0.20413,-0.00132
72,13672,3,0.03033,0.09888,-0.16278,0.98126,-1.12891,-0.57422,-5.64062,2.34961,0.19922,-0.07617,-0.32591,0.20535,0.02793
73,6836,3,0.04230,0.09772,-0.16394,0.98071,-0.88281,-0.38672,-6.00781,2.01562,0.21289,-0.05469,-0.32586,0.20701,0.05206
74,9765,3,0.05316,0.09692,-0.16504,0.98010,-0.59766,0.05078,-6.56641,1.70703,0.17383,-0.05664,-0.32589,0.20904,0.07389
75,9766,3,0.06274,0.09631,-0.16577,0.97943,-0.46094,0.14062,-6.97266,1.36719,0.10352,-0.07422,-0.32545,0.21103,0.09318
76,10742,3,0.07037,0.09570,-0.16632,0.97888,-0.44531,0.26172,-7.41406,0.95312,0.07422,-0.06250,-0.32502,0.21237,0.10859
77,9766,3,0.07617,0.09521,-0.16675,0.97845,-0.47656,0.27344,-7.74609,0.53320,0.10547,0.00000,-0.32470,0.21333,0.12031
78,9765,3,0.07965,0.09503,-0.16675,0.97815,-0.46875,0.32422,-7.88281,0.16602,0.16406,0.07422,-0.32399,0.21412,0.12738
79,10743,3,0.08154,0.09540,-0.16626,0.97809,-0.37500,0.32422,-7.95312,-0.14453,0.22070,0.12500,-0.32255,0.21538,0.13118
80,9765,3,0.08179,0.09631,-0.16528,0.97809,-0.20703,0.28516,-8.02734,-0.40234,0.24414,0.13867,-0.32044,0.21716,0.13162
81,9766,3,0.08069,0.09760,-0.16400,0.97827,-0.10547,0.30859,-8.09766,-0.64062,0.25586,0.13672,-0.31795,0.21918,0.12931
82,9766,3,0.07837,0.09918,-0.16254,0.97858,-0.16016,0.20312,-8.28906,-0.87695,0.26172,0.14844,-0.31533,0.22139,0.12449
83,10742,3,0.07495,0.10101,-0.16101,0.97888,-0.28906,0.16016,-8.37109,-1.12305,0.23047,0.15430,-0.31284,0.22377,0.11740
84,9765,3,0.07025,0.10297,-0.15924,0.97931,-0.34375,0.29297,-8.63281,-1.38672,0.15234,0.12500,-0.31015,0.22598,0.10775
85,9766,3,0.06433,0.10486,-0.15747,0.97986,-0.25000,0.62891,-9.02344,-1.66797,0.08398,0.07422,-0.30774,0.22770,0.09565
86,9766,3,0.05695,0.10663,-0.15576,0.98035,-0.19531,0.65625,-9.02344,-1.94922,0.00586,0.04688,-0.30587,0.22881,0.08063
87,10742,3,0.04810,0.10822,-0.15411,0.98096,-0.19531,0.64453,-9.19141,-2.26172,-0.04883,0.03711,-0.30445,0.22912,0.06268
88,12695,3,0.04810,0.10822,-0.15411,0.98096,-0.19531,0.57812,-9.15625,-2.58008,-0.06250,0.02930,-0.30445,0.22912,0.06268
89,6836,3,0.02637,0.11121,-0.15063,0.98193,-0.27344,0.22266,-8.76953,-2.88867,-0.07227,0.03516,-0.30229,0.22833,0.01877
90,9766,3,0.01276,0.11292,-0.14862,0.98236,-0.28125,0.16797,-8.54297,-3.18164,-0.06641,0.07031,-0.30130,0.22759,-0.00873
91,10742,3,-0.00287,0.11487,-0.14624,0.98254,-0.24219,0.08984,-8.29688,-3.46875,-0.03516,0.12500,-0.30010,0.22683,-0.04028
92,9765,3,-0.01904,0.11700,-0.14349,0.98254,-0.21094,-0.01953,-7.99609,-3.70508,0.04297,0.17773,-0.29833,0.22638,-0.07292
93,9766,3,-0.03680,0.11963,-0.14032,0.98218,-0.13672,-0.55859,-7.00000,-3.87500,0.17578,0.23438,-0.29621,0.22659,-0.10886
94,9766,3,-0.05530,0.12280,-0.13672,0.98145,-0.08203,-0.85547,-6.33203,-3.95312,0.29688,0.27734,-0.29361,0.22788,-0.14641
95,10742,3,-0.07416,0.12665,-0.13275,0.98022,-0.08984,-1.23438,-5.71875,-3.98242,0.38867,0.30078,-0.29070,0.23064,-0.18493
96,12695,3,-0.09296,0.13098,-0.12872,0.97858,-0.31641,-2.17578,-4.70312,-4.03320,0.46289,0.33789,-0.28803,0.23457,-0.22359
97,6836,3,-0.11151,0.13562,-0.12457,0.97656,-0.27734,-2.44531,-4.32812,-4.13086,0.58984,0.36719,-0.28544,0.23938,-0.26195
98,9766,3,-0.13086,0.14087,-0.12012,0.97394,-0.21484,-2.58594,-3.84766,-4.20312,0.71875,0.35547,-0.28298,0.24543,-0.30225
99,9765,3,-0.15131,0.14697,-0.11554,0.97064,-0.14453,-2.62891,-3.42578,-4.22266,0.85547,0.34961,-0.28131,0.25305,-0.34529
100,10743,3,-0.17035,0.15320,-0.11133,0.96698,-0.48828,-3.16797,-2.72656,-4.17383,0.94922,0.30664,-0.28059,0.26133,-0.38587
101,9765,3,-0.19080,0.16046,-0.10699,0.96252,-0.66406,-3.03125,-2.41406,-4.05859,0.94531,0.21875,-0.28102,0.27137,-0.42999
102,12696,3,-0.20984,0.16742,-0.10315,0.95776,-0.80859,-2.93359,-2.21094,-3.96680,0.83008,0.06250,-0.28253,0.28109,-0.47160
103,7812,3,-0.22760,0.17352,-0.09998,0.95294,-1.14844,-2.82031,-2.09375,-3.94141,0.62500,-0.06836,-0.28505,0.28922,-0.51068
104,9766,3,-0.24725,0.17926,-0.09705,0.94727,-2.08203,-3.28906,-1.70703,-3.94727,0.48438,-0.09766,-0.28889,0.29592,-0.55400
105,10742,3,-0.26532,0.18353,-0.09448,0.94183,-2.20703,-3.71094,-0.79688,-3.90039,0.45117,-0.04883,-0.29237,0.30004,-0.59368
106,8789,3,-0.28375,0.18750,-0.09167,0.93591,-2.01172,-4.10156,0.19531,-3.77148,0.46875,-0.00391,-0.29561,0.30358,-0.63429
107,10742,3,-0.30133,0.19128,-0.08875,0.92993,-1.21484,-4.83203,1.92578,-3.61328,0.58398,0.00391,-0.29849,0.30707,-0.67325
108,9766,3,-0.31842,0.19537,-0.08588,0.92365,-0.94531,-4.92188,2.70312,-3.47656,0.79102,0.03320,-0.30189,0.31120,-0.71168
109,9765,3,-0.33447,0.20007,-0.08331,0.91711,-0.89844,-4.87109,3.32812,-3.33594,1.01367,0.08203,-0.30643,0.31653,-0.74870
110,12696,3,-0.34949,0.20569,-0.08105,0.91046,-0.99219,-4.72656,3.73828,-3.19531,1.18164,0.14844,-0.31238,0.32351,-0.78441
111,7812,3,-0.36334,0.21198,-0.07910,0.90375,-1.67969,-4.45703,3.98047,-3.04492,1.29883,0.21680,-0.31956,0.33172,-0.81847
112,9766,3,-0.37708,0.21930,-0.07715,0.89655,-1.81641,-4.35156,4.28516,-2.86719,1.33984,0.27344,-0.32820,0.34164,-0.85337
113,10742,3,-0.38971,0.22693,-0.07520,0.88934,-1.98828,-4.37891,4.66406,-2.64453,1.30078,0.28516,-0.33732,0.35228,-0.88659
114,8789,3,-0.40112,0.23444,-0.07336,0.88245,-1.97266,-4.23828,5.01562,-2.37109,1.18555,0.21680,-0.34658,0.36282,-0.91747
115,10742,3,-0.41144,0.24133,-0.07178,0.87598,-1.54297,-4.00000,5.35547,-2.08398,1.00391,0.08398,-0.35563,0.37228,-0.94588
116,9766,3,-0.42059,0.24731,-0.07074,0.87000,-1.36328,-3.81250,5.59766,-1.79688,0.85352,-0.05469,-0.36458,0.37991,-0.97149
117,9765,3,-0.42871,0.25214,-0.07025,0.86469,-1.15625,-3.71875,5.92969,-1.49414,0.78320,-0.14844,-0.37298,0.38527,-0.99414
118,12696,3,-0.43549,0.25604,-0.07037,0.86017,-0.93359,-3.87109,6.46875,-1.19922,0.75000,-0.21680,-0.38097,0.38890,-1.01323
119,7812,3,-0.44104,0.25940,-0.07117,0.85620,-0.91016,-3.87891,6.71875,-0.90820,0.72461,-0.24805,-0.38912,0.39135,-1.02941
120,9766,3,-0.44562,0.26251,-0.07251,0.85278,-0.97266,-3.78516,6.82812,-0.64453,0.73242,-0.22266,-0.39757,0.39317,-1.04324
121,9766,3,-0.44910,0.26562,-0.07428,0.84985,-1.26953,-3.66797,6.79688,-0.44727,0.75000,-0.11523,-0.40635,0.39495,-1.05467
122,10742,3,-0.45123,0.26855,-0.07599,0.84766,-1.58984,-3.32422,6.33203,-0.27930,0.72266,0.00977,-0.41423,0.39705,-1.06285
123,9765,3,-0.45258,0.27197,-0.07758,0.84570,-1.55859,-3.07812,6.11719,-0.09961,0.63867,0.13281,-0.42223,0.40040,-1.06966
124,9766,3,-0.45300,0.27521,-0.07867,0.84430,-1.52734,-2.96484,6.05078,0.14062,0.50781,0.17578,-0.42874,0.40437,-1.07410
125,9766,3,-0.45239,0.27814,-0.07947,0.84363,-1.36719,-2.80859,5.98828,0.48438,0.35938,0.25000,-0.43381,0.40865,-1.07571
126,10742,3,-0.45056,0.28046,-0.08014,0.84375,-0.79297,-2.87109,5.62891,0.65820,0.21484,0.19141,-0.43732,0.41267,-1.07391
127,9765,3,-0.44769,0.28204,-0.08081,0.84467,-0.87500,-2.13672,5.67578,0.81250,0.15625,-0.01953,-0.43934,0.41602,-1.06893
128,9766,3,-0.44434,0.28290,-0.08209,0.84607,-0.75391,-1.62500,5.39062,0.96094,0.11719,-0.14062,-0.44120,0.41778,-1.06217
129,9766,3,-0.44061,0.28302,-0.08405,0.84772,-0.05469,-2.00000,4.71484,1.03125,0.00977,-0.18359,-0.44319,0.41786,-1.05413
130,10742,3,-0.43646,0.28259,-0.08649,0.84979,0.24219,-1.92578,4.30078,1.12305,-0.08789,-0.28125,-0.44508,0.41676,-1.04458
