lineno,time,accurate,i,j,k,r,aX,aY,aZ,gX,gY,gZ,rx,ry,rz
0,1291993,3,0.07953,-0.11157,0.12189,0.98303,-0.07422,0.78906,-3.42578,-0.88672,-0.26562,-0.34375,0.23054,-0.24108,0.13340
1,10742,3,0.07581,-0.11316,0.11945,0.98346,-0.17578,0.85938,-3.73047,-1.13477,-0.25977,-0.30664,0.22630,-0.24307,0.12610
2,9765,3,0.07117,-0.11499,0.11700,0.98389,-0.27344,0.82812,-3.92188,-1.39453,-0.24609,-0.23828,0.22230,-0.24538,0.11689
3,9766,3,0.06525,-0.11682,0.11469,0.98438,-0.37500,0.74609,-4.12109,-1.64453,-0.27344,-0.18359,0.21889,-0.24746,0.10504
4,9766,3,0.05798,-0.11890,0.11255,0.98480,-0.58984,0.54297,-4.58984,-1.97070,-0.35742,-0.15625,0.21623,-0.24982,0.09037
5,10742,3,0.04926,-0.12146,0.11041,0.98523,-0.66016,0.44922,-4.85938,-2.40820,-0.43945,-0.15234,0.21397,-0.25288,0.07260
6,9765,3,0.03876,-0.12457,0.10809,0.98553,-0.69141,0.44922,-5.20312,-2.92578,-0.56055,-0.17773,0.21188,-0.25674,0.05116
7,9766,3,0.02631,-0.12836,0.10553,0.98572,-1.12109,0.00391,-5.80859,-3.47461,-0.66211,-0.16211,0.20993,-0.26159,0.02565
8,9766,3,0.01056,-0.13312,0.10242,0.98572,-1.37500,-0.26562,-5.71484,-3.90820,-0.69141,-0.07227,0.20796,-0.26780,-0.00669
9,10742,3,-0.00726,-0.13831,0.09924,0.98535,-1.47656,-0.62109,-5.45312,-4.20117,-0.79883,0.01953,0.20676,-0.27457,-0.04341
10,9765,3,-0.02673,-0.14392,0.09631,0.98450,-1.58203,-0.89453,-5.47656,-4.41992,-0.79883,0.19727,0.20694,-0.28197,-0.08377
11,11719,3,-0.04700,-0.14972,0.09381,0.98315,-1.65234,-2.72656,-4.08203,-4.38477,-0.78125,0.37891,0.20867,-0.28960,-0.12607
12,8789,3,-0.06824,-0.15552,0.09210,0.98114,-1.17969,-2.93359,-3.37500,-4.19922,-0.79883,0.47852,0.21281,-0.29696,-0.17082
13,9766,3,-0.09021,-0.16144,0.09100,0.97852,-1.12891,-3.08594,-2.92188,-4.14258,-0.75586,0.60352,0.21895,-0.30420,-0.21755
14,9766,3,-0.11072,-0.16681,0.09052,0.97559,-1.38281,-3.34766,-2.79688,-4.20312,-0.68945,0.79688,0.22618,-0.31038,-0.26154
15,9765,3,-0.13147,-0.17181,0.09076,0.97211,-2.00391,-3.57031,-3.19922,-4.39062,-0.70117,0.98047,0.23529,-0.31537,-0.30643
16,10742,3,-0.15259,-0.17645,0.09174,0.96808,-2.18750,-3.40234,-3.47266,-4.72461,-0.76367,1.18750,0.24624,-0.31903,-0.35248
17,12696,3,-0.17542,-0.18127,0.09351,0.96313,-2.55469,-3.32422,-3.94141,-5.13281,-0.74219,1.49219,0.25982,-0.32191,-0.40273
18,6836,3,-0.19879,-0.18573,0.09601,0.95746,-3.44531,-3.92188,-3.34766,-5.35156,-0.65234,1.84375,0.27522,-0.32309,-0.45456
19,9765,3,-0.22662,-0.19006,0.09998,0.95001,-3.23828,-3.87891,-2.61719,-5.32422,-0.68945,2.15430,0.29527,-0.32131,-0.51653
20,10742,3,-0.25299,-0.19354,0.10504,0.94208,-3.00000,-3.59375,-2.35156,-5.22070,-0.74805,2.46289,0.31660,-0.31678,-0.57570
21,12696,3,-0.27954,-0.19672,0.11169,0.93311,-2.89844,-3.51562,-2.04688,-5.21680,-0.81641,2.75000,0.34088,-0.30959,-0.63585
22,6836,3,-0.30511,-0.19946,0.11957,0.92346,-2.84375,-3.91406,-2.72266,-5.33203,-0.87109,3.03125,0.36674,-0.29992,-0.69425
23,9765,3,-0.33142,-0.20197,0.12885,0.91260,-2.75781,-4.21484,-2.79297,-5.43945,-1.06055,3.28711,0.39496,-0.28713,-0.75454
24,10742,3,-0.35986,-0.20465,0.13995,0.89948,-2.53125,-4.17188,-3.07422,-5.54883,-1.24219,3.50000,0.42699,-0.27072,-0.82019
25,9766,3,-0.38678,-0.20746,0.15155,0.88568,-2.69531,-4.17969,-2.69922,-5.59375,-1.48828,3.60938,0.45896,-0.25293,-0.88286
26,9766,3,-0.41400,-0.21075,0.16412,0.87018,-2.05859,-4.81641,-2.70703,-5.62305,-1.72852,3.62500,0.49262,-0.23300,-0.94698
27,12695,3,-0.44086,-0.21478,0.17737,0.85327,-1.27734,-5.09375,-2.03516,-5.60547,-1.99609,3.58789,0.52741,-0.21172,-1.01115
28,7813,3,-0.46552,-0.21942,0.19019,0.83606,-0.42578,-5.35547,-1.98047,-5.53711,-2.04492,3.54688,0.56092,-0.19099,-1.07126
29,9765,3,-0.49048,-0.22473,0.20355,0.81702,-0.08984,-6.12891,0.21094,-5.26953,-1.86914,3.58789,0.59557,-0.16833,-1.13310
30,9766,3,-0.51538,-0.22961,0.21741,0.79651,1.04688,-6.32422,1.40234,-4.78906,-1.77930,3.46289,0.62974,-0.14216,-1.19497
31,9765,3,-0.53723,-0.23315,0.23029,0.77716,2.22656,-6.58203,2.26172,-4.18359,-1.78516,3.23438,0.65925,-0.11522,-1.24915
32,10743,3,-0.55627,-0.23615,0.24280,0.75885,2.82812,-6.50000,3.21875,-3.60352,-1.54883,3.13281,0.68631,-0.08839,-1.29673
33,9765,3,-0.57312,-0.23834,0.25525,0.74133,3.13281,-7.22656,4.65234,-3.01172,-1.18750,3.12695,0.71135,-0.06084,-1.33884
34,9766,3,-0.58691,-0.23859,0.26660,0.72632,3.66406,-7.15625,5.30859,-2.38281,-0.89453,3.03711,0.73113,-0.03364,-1.37216
35,12695,3,-0.58691,-0.23859,0.26660,0.72632,4.39844,-6.94922,5.71875,-1.78516,-0.68750,2.80664,0.73113,-0.03364,-1.37216
36,7813,3,-0.60815,-0.23401,0.28741,0.70197,4.92578,-6.58203,5.90625,-1.24414,-0.57227,2.49609,0.75915,0.02105,-1.41943
37,9765,3,-0.61584,-0.23022,0.29718,0.69244,4.86719,-5.72266,5.21484,-0.84766,-0.46680,2.17188,0.76961,0.04721,-1.43471
38,10742,3,-0.62146,-0.22626,0.30585,0.68488,4.66406,-5.52344,5.12500,-0.50781,-0.35547,1.78906,0.77804,0.07029,-1.44496
39,8790,3,-0.62537,-0.22253,0.31317,0.67920,4.69922,-5.22266,4.98828,-0.16016,-0.30469,1.36914,0.78465,0.08952,-1.45125
40,10742,3,-0.62769,-0.21936,0.31903,0.67535,4.68750,-5.04688,4.75000,0.14453,-0.23438,1.01172,0.78974,0.10440,-1.45412
41,9765,3,-0.62860,-0.21643,0.32397,0.67310,4.60547,-5.16406,4.63672,0.42383,-0.20312,0.71484,0.79382,0.11621,-1.45371
42,10743,3,-0.62823,-0.21399,0.32788,0.67230,4.49219,-5.25391,4.56641,0.76367,-0.16992,0.48633,0.79706,0.12457,-1.45055
43,9765,3,-0.62659,-0.21167,0.33112,0.67297,4.36328,-5.33984,4.65625,1.19531,-0.12695,0.29883,0.79956,0.13043,-1.44426
44,9766,3,-0.62341,-0.20923,0.33405,0.67529,4.01172,-5.73828,5.59766,1.67383,-0.00391,0.11523,0.80161,0.13432,-1.43396
45,9765,3,-0.61884,-0.20642,0.33636,0.67920,4.21094,-5.64062,5.87891,2.15039,0.21484,-0.06055,0.80244,0.13633,-1.41995
46,10743,3,-0.61249,-0.20270,0.33801,0.68518,4.56250,-5.58594,5.92578,2.56641,0.55664,-0.16992,0.80126,0.13672,-1.40090
47,8789,3,-0.60504,-0.19769,0.33875,0.69293,4.74609,-5.57812,5.93750,2.95898,0.92773,-0.27930,0.79702,0.13635,-1.37809
48,10742,3,-0.59637,-0.19092,0.33832,0.70245,4.77734,-5.04297,5.53516,3.40039,1.29297,-0.41797,0.78884,0.13572,-1.35125
49,11719,3,-0.58673,-0.18256,0.33661,0.71350,4.84375,-4.57812,5.10156,3.86719,1.61328,-0.62109,0.77673,0.13490,-1.32115
50,7812,3,-0.57623,-0.17310,0.33374,0.72571,4.78516,-4.33203,4.55859,4.23828,1.79688,-0.85156,0.76152,0.13378,-1.28856
51,10742,3,-0.56354,-0.16205,0.32941,0.74005,4.41406,-3.50781,2.29297,4.38672,1.81250,-1.07227,0.74238,0.13180,-1.25026
52,9766,3,-0.54913,-0.15039,0.32385,0.75562,3.88672,-3.14453,0.60547,4.28125,1.79297,-1.23242,0.72088,0.12876,-1.20830
53,9766,3,-0.53467,-0.13959,0.31757,0.77057,3.23438,-2.77734,-0.26562,4.16211,1.81641,-1.33789,0.69932,0.12479,-1.16763
54,10742,3,-0.52008,-0.12909,0.31036,0.78522,2.84375,-2.30469,-0.70312,4.13867,1.79492,-1.47070,0.67665,0.12039,-1.12760
55,9765,3,-0.50519,-0.11877,0.30237,0.79956,2.67188,-1.39844,-1.09375,4.15430,1.68945,-1.66016,0.65300,0.11582,-1.08774
56,9766,3,-0.49072,-0.10968,0.29419,0.81281,2.65625,-1.02344,-1.42188,4.14844,1.59961,-1.89258,0.63040,0.11066,-1.05022
57,11719,3,-0.47516,-0.10114,0.28497,0.82629,2.62500,-0.78125,-1.59375,4.03906,1.56641,-2.12500,0.60668,0.10387,-1.01120
58,8789,3,-0.45984,-0.09369,0.27509,0.83911,2.66016,-0.77734,-1.90625,3.94531,1.54688,-2.37305,0.58277,0.09591,-0.97384
59,9765,3,-0.44330,-0.08643,0.26318,0.85248,3.08984,0.12891,-2.04297,3.95312,1.45312,-2.67383,0.55543,0.08609,-0.93450
60,9766,3,-0.42731,-0.08038,0.25073,0.86493,3.32422,0.18750,-2.03516,4.06055,1.32617,-3.01172,0.52804,0.07530,-0.89737
61,12695,3,-0.41040,-0.07526,0.23657,0.87744,3.69531,0.03516,-1.94141,4.04297,1.21680,-3.34375,0.49823,0.06216,-0.85917
62,7813,3,-0.39368,-0.07153,0.22211,0.88916,3.96875,-0.19922,-2.52734,3.83398,1.17188,-3.62109,0.46878,0.04768,-0.82223
63,9765,3,-0.37494,-0.06848,0.20441,0.90161,3.91406,-0.39453,-3.02344,3.49805,1.13672,-3.84375,0.43361,0.02980,-0.78163
64,9766,3,-0.35840,-0.06653,0.18671,0.91229,3.76172,-0.48438,-3.45703,3.14648,1.08203,-4.05664,0.39887,0.01244,-0.74615
65,12695,3,-0.34296,-0.06537,0.16772,0.92194,3.66797,-0.44922,-3.67578,2.88672,1.06641,-4.24414,0.36196,-0.00549,-0.71327
66,6836,3,-0.32892,-0.06500,0.14813,0.93042,3.41016,-0.60938,-3.17578,2.79492,1.03320,-4.36914,0.32413,-0.02351,-0.68345
67,10743,3,-0.32892,-0.06500,0.14813,0.93042,3.33203,-0.87109,-2.74219,2.75781,1.03125,-4.46484,0.32413,-0.02351,-0.68345
68,9765,3,-0.30042,-0.06537,0.10449,0.94580,3.25781,-1.35938,-2.57812,2.65430,1.02734,-4.56641,0.23967,-0.06091,-0.62244
69,9766,3,-0.28656,-0.06586,0.08234,0.95227,3.01172,-1.68750,-2.89453,2.45508,0.99414,-4.63477,0.19641,-0.07831,-0.59233
70,10742,3,-0.27325,-0.06659,0.05975,0.95776,2.00391,-2.32031,-3.04297,2.22852,1.01953,-4.57227,0.15212,-0.09504,-0.56309
71,11719,3,-0.27325,-0.06659,0.05975,0.95776,1.27344,-2.91406,-2.82422,2.02344,1.08203,-4.34375,0.15212,-0.09504,-0.56309
72,7812,3,-0.24939,-0.06769,0.01532,0.96594,0.61328,-3.41016,-2.62500,1.87695,1.18750,-3.97852,0.06388,-0.12343,-0.50928
73,9766,3,-0.23865,-0.06726,-0.00537,0.96875,0.05078,-3.86719,-1.63281,1.85742,1.35547,-3.57031,0.02189,-0.13328,-0.48453
74,10742,3,-0.22772,-0.06561,-0.02557,0.97119,-0.01172,-4.08594,-1.23438,1.89844,1.46680,-3.25000,-0.01999,-0.13954,-0.45924
75,9766,3,-0.21716,-0.06293,-0.04321,0.97314,-0.34375,-4.15234,-1.30078,1.96094,1.51953,-2.93945,-0.05738,-0.14172,-0.43504
76,9765,3,-0.20642,-0.05951,-0.05933,0.97485,-0.76172,-4.05469,-1.40234,2.01172,1.47656,-2.68750,-0.09214,-0.14098,-0.41082
77,9766,3,-0.19501,-0.05566,-0.07440,0.97638,-1.35156,-3.36328,-1.80859,2.05469,1.30469,-2.53125,-0.12510,-0.13816,-0.38560
78,10742,3,-0.18396,-0.05231,-0.08765,0.97760,-1.58984,-3.00781,-2.01562,2.08008,1.06055,-2.45312,-0.15413,-0.13493,-0.36156
79,9766,3,-0.17267,-0.04987,-0.10022,0.97858,-1.64453,-2.87891,-2.10156,2.00391,0.86719,-2.39648,-0.18151,-0.13260,-0.33722
80,9765,3,-0.16150,-0.04834,-0.11230,0.97925,-1.67188,-2.94531,-2.09766,1.88477,0.75391,-2.36719,-0.20761,-0.13133,-0.31320
81,12696,3,-0.15082,-0.04742,-0.12421,0.97961,-1.06250,-2.47656,-1.74609,1.82617,0.73828,-2.33203,-0.23311,-0.13074,-0.29018
82,7812,3,-0.14111,-0.04681,-0.13513,0.97961,-1.01562,-2.55469,-1.33984,1.83984,0.75977,-2.22266,-0.25649,-0.13022,-0.26932
83,9766,3,-0.13098,-0.04614,-0.14612,0.97949,-1.34375,-2.56641,-1.20312,1.87305,0.77930,-2.06836,-0.28009,-0.12902,-0.24766
84,9765,3,-0.12048,-0.04523,-0.15668,0.97925,-1.67188,-1.70703,-1.60938,1.87500,0.72852,-1.94336,-0.30295,-0.12666,-0.22548
85,9766,3,-0.10986,-0.04437,-0.16650,0.97888,-1.82422,-1.46484,-2.00391,1.74219,0.68359,-1.80273,-0.32433,-0.12378,-0.20326
86,10742,3,-0.09998,-0.04358,-0.17529,0.97845,-2.22266,-1.42969,-2.43359,1.47266,0.66602,-1.59961,-0.34348,-0.12062,-0.18270
87,9766,3,-0.09106,-0.04260,-0.18335,0.97791,-2.69141,-1.36328,-2.73047,1.21094,0.65430,-1.39648,-0.36104,-0.11698,-0.16434
88,9765,3,-0.08331,-0.04138,-0.19049,0.97729,-3.29297,-1.28906,-2.67969,1.08203,0.58789,-1.20312,-0.37660,-0.11286,-0.14856
89,12696,3,-0.07697,-0.04016,-0.19629,0.97668,-3.57031,-1.40625,-2.47266,1.07031,0.48828,-1.00586,-0.38925,-0.10888,-0.13580
90,6836,3,-0.07104,-0.03918,-0.20111,0.97620,-3.60547,-1.52344,-2.26562,1.04883,0.40430,-0.81836,-0.39981,-0.10528,-0.12395
91,10742,3,-0.06519,-0.03851,-0.20520,0.97577,-3.60547,-1.75781,-2.20703,0.95703,0.33984,-0.62891,-0.40881,-0.10209,-0.11223
92,9766,3,-0.05951,-0.03809,-0.20837,0.97552,-3.81250,-1.55859,-2.33594,0.84375,0.23633,-0.49219,-0.41586,-0.09926,-0.10089
93,10742,3,-0.05463,-0.03790,-0.21057,0.97534,-3.63672,-1.26172,-2.56641,0.71484,0.11328,-0.39844,-0.42083,-0.09709,-0.09115
94,9765,3,-0.05042,-0.03809,-0.21222,0.97516,-3.58984,-1.14844,-2.64844,0.59961,0.05859,-0.26562,-0.42460,-0.09583,-0.08264
95,9766,3,-0.04712,-0.03857,-0.21320,0.97510,-3.73438,-1.25781,-2.19922,0.55859,0.00000,-0.08789,-0.42688,-0.09547,-0.07586
96,9766,3,-0.04413,-0.03918,-0.21350,0.97516,-3.57422,-1.19922,-1.96875,0.58984,-0.10352,0.06445,-0.42775,-0.09541,-0.06971
97,10742,3,-0.04132,-0.04016,-0.21301,0.97534,-3.51172,-1.09766,-1.89844,0.66797,-0.23438,0.21289,-0.42697,-0.09609,-0.06383
98,9765,3,-0.03839,-0.04175,-0.21167,0.97571,-3.60547,-1.00000,-1.85938,0.64062,-0.30469,0.29102,-0.42444,-0.09787,-0.05755
99,9766,3,-0.03540,-0.04388,-0.20972,0.97614,-3.78125,-0.37500,-1.78516,0.64062,-0.36133,0.35742,-0.42068,-0.10069,-0.05098
100,9766,3,-0.03271,-0.04614,-0.20752,0.97662,-3.50000,-1.07812,-2.31250,0.49219,-0.31641,0.52539,-0.41641,-0.10389,-0.04500
101,10742,3,-0.03033,-0.04840,-0.20471,0.97717,-3.60547,-1.48047,-1.73828,0.41797,-0.23828,0.67188,-0.41088,-0.10721,-0.03970
102,9765,3,-0.02844,-0.05023,-0.20117,0.97784,-3.89844,-1.61719,-1.30859,0.48633,-0.23438,0.80859,-0.40384,-0.10990,-0.03564
103,9766,3,-0.02661,-0.05182,-0.19702,0.97870,-3.92188,-2.15625,-0.73438,0.56836,-0.14062,0.98633,-0.39552,-0.11214,-0.03187
