lineno,time,accurate,i,j,k,r,aX,aY,aZ,gX,gY,gZ,rx,ry,rz
0,951172,3,0.07837,-0.37653,-0.17249,0.90680,1.59766,0.03516,-2.44922,-0.38672,0.32617,-0.37305,-0.51508,-0.71533,0.36866
1,10742,3,0.07770,-0.37494,-0.17462,0.90710,1.66797,0.11719,-2.89453,-0.48047,0.44141,-0.43164,-0.51820,-0.71169,0.36729
2,9766,3,0.07684,-0.37268,-0.17706,0.90765,1.58594,0.08984,-3.30859,-0.54883,0.53516,-0.46484,-0.52125,-0.70670,0.36502
3,9765,3,0.07581,-0.36981,-0.17993,0.90839,1.35547,0.01953,-4.00781,-0.63672,0.59180,-0.50391,-0.52460,-0.70044,0.36204
4,9766,3,0.07452,-0.36652,-0.18298,0.90918,1.25781,0.10547,-4.74219,-0.80664,0.61914,-0.54883,-0.52788,-0.69346,0.35824
5,10742,3,0.07275,-0.36298,-0.18646,0.91003,1.04297,0.27344,-5.32812,-1.01953,0.67773,-0.60352,-0.53158,-0.68610,0.35341
6,8789,3,0.07025,-0.35895,-0.19049,0.91101,0.95312,0.35156,-5.65625,-1.23828,0.73047,-0.69141,-0.53565,-0.67801,0.34685
7,10742,3,0.06708,-0.35455,-0.19507,0.91199,0.54688,0.15234,-6.29297,-1.44531,0.76562,-0.75586,-0.54030,-0.66943,0.33887
8,10743,3,0.06281,-0.34943,-0.20068,0.91309,0.24219,-0.06250,-6.33594,-1.66016,0.81250,-0.79297,-0.54606,-0.65970,0.32850
9,9765,3,0.05811,-0.34430,-0.20642,0.91406,0.03516,-0.18359,-6.48047,-1.89648,0.90625,-0.80078,-0.55198,-0.65028,0.31734
10,9766,3,0.05200,-0.33801,-0.21313,0.91522,-0.13672,-0.36719,-6.50000,-2.11914,1.04297,-0.76758,-0.55847,-0.63918,0.30272
11,9765,3,0.04510,-0.33112,-0.21997,0.91650,-1.04688,-1.37500,-6.02344,-2.29297,1.20898,-0.65625,-0.56445,-0.62744,0.28594
12,10743,3,0.04510,-0.33112,-0.21997,0.91650,-1.56641,-1.73828,-5.82031,-2.44922,1.37109,-0.50586,-0.56445,-0.62744,0.28594
13,9765,3,0.02893,-0.31470,-0.23279,0.91974,-1.98438,-1.97266,-5.73828,-2.66406,1.58594,-0.35938,-0.57192,-0.60094,0.24459
14,9766,3,0.01965,-0.30493,-0.23859,0.92181,-3.17188,-2.37891,-5.55859,-2.89648,1.80859,-0.18164,-0.57306,-0.58570,0.21985
15,9766,3,0.00922,-0.29364,-0.24390,0.92426,-3.87109,-2.43359,-5.56641,-3.14453,1.96289,0.01172,-0.57205,-0.56839,0.19133
16,10742,3,-0.00244,-0.28113,-0.24866,0.92688,-4.41406,-2.50781,-5.62891,-3.42773,1.99609,0.24023,-0.56921,-0.54963,0.15933
17,8789,3,-0.01544,-0.26782,-0.25269,0.92963,-5.20703,-2.60938,-5.60156,-3.75586,1.94141,0.50781,-0.56449,-0.53024,0.12393
18,10742,3,-0.02936,-0.25482,-0.25568,0.93213,-6.52344,-3.35547,-5.33594,-4.05469,1.89258,0.78906,-0.55816,-0.51215,0.08680
19,9766,3,-0.04602,-0.24072,-0.25781,0.93457,-6.55078,-3.56250,-4.75000,-4.25000,1.85547,1.03320,-0.54924,-0.49348,0.04328
20,10742,3,-0.06464,-0.22595,-0.25897,0.93683,-6.19531,-3.69141,-4.37500,-4.44336,1.85938,1.24023,-0.53829,-0.47446,-0.00458
21,9765,3,-0.08411,-0.21106,-0.25909,0.93878,-5.99219,-3.87500,-4.00781,-4.61523,1.89453,1.43164,-0.52604,-0.45541,-0.05408
22,10743,3,-0.10449,-0.19562,-0.25830,0.94025,-5.89844,-4.00391,-3.13672,-4.74805,1.84180,1.58789,-0.51285,-0.43549,-0.10546
23,9765,3,-0.12451,-0.18079,-0.25677,0.94122,-5.68750,-3.82031,-2.79688,-4.84570,1.78516,1.73438,-0.49979,-0.41616,-0.15537
24,8789,3,-0.14709,-0.16443,-0.25421,0.94165,-5.26172,-3.93750,-2.10156,-4.77930,1.75977,1.89844,-0.48501,-0.39462,-0.21109
25,10742,3,-0.16870,-0.14874,-0.25134,0.94141,-4.85156,-4.95703,-0.21484,-4.64844,1.70898,2.08398,-0.47166,-0.37348,-0.26389
26,9766,3,-0.19080,-0.13239,-0.24713,0.94073,-4.63281,-5.00781,0.28516,-4.45898,1.63086,2.29102,-0.45704,-0.35052,-0.31788
27,9766,3,-0.21063,-0.11743,-0.24207,0.93982,-4.39844,-4.92188,0.75391,-4.21484,1.52539,2.47461,-0.44277,-0.32858,-0.36636
28,10742,3,-0.23126,-0.10156,-0.23505,0.93860,-4.13672,-4.69922,1.25391,-3.96875,1.36328,2.62109,-0.42596,-0.30403,-0.41692
29,9766,3,-0.25055,-0.08643,-0.22729,0.93707,-4.21484,-4.12500,1.76172,-3.84961,1.16016,2.74609,-0.40947,-0.27949,-0.46413
30,10742,3,-0.26837,-0.07269,-0.21881,0.93530,-3.88281,-4.05078,1.94922,-3.89062,1.19531,2.83008,-0.39282,-0.25623,-0.50760
31,9765,3,-0.28528,-0.05963,-0.20996,0.93323,-3.54688,-4.15625,2.90234,-3.85742,1.38867,2.83398,-0.37669,-0.23322,-0.54869
32,9766,3,-0.30334,-0.04492,-0.19983,0.93060,-2.83594,-4.27344,4.19141,-3.68359,1.49414,2.78516,-0.35986,-0.20631,-0.59255
33,9766,3,-0.32037,-0.02954,-0.19043,0.92749,-1.99609,-5.15625,6.10156,-3.47461,1.45898,2.67383,-0.34656,-0.17775,-0.63399
34,9765,3,-0.33582,-0.01477,-0.18152,0.92413,-1.49609,-5.07031,6.66406,-3.27148,1.26172,2.46680,-0.33553,-0.14978,-0.67168
35,9766,3,-0.35046,-0.00061,-0.17285,0.92047,-1.07422,-4.76172,7.05078,-3.12891,0.94531,2.18164,-0.32593,-0.12259,-0.70741
36,10742,3,-0.36377,0.01123,-0.16516,0.91663,-0.98047,-5.31641,7.73828,-3.06445,0.68945,1.89062,-0.31785,-0.09974,-0.73959
37,9766,3,-0.37695,0.02142,-0.15796,0.91241,-0.78516,-5.96875,8.58594,-2.95898,0.44922,1.65039,-0.31033,-0.08008,-0.77103
38,9765,3,-0.39044,0.03070,-0.15204,0.90747,-0.16797,-6.27734,9.39844,-2.59961,0.18359,1.39844,-0.30523,-0.06305,-0.80292
39,10742,3,-0.40271,0.03790,-0.14673,0.90271,1.00781,-6.42969,10.37109,-2.00000,-0.13867,1.11719,-0.30029,-0.04977,-0.83170
40,9766,3,-0.41290,0.04297,-0.14209,0.89862,3.35938,-6.66406,11.64453,-1.27344,-0.42773,0.85938,-0.29535,-0.04012,-0.85546
41,9766,3,-0.42010,0.04547,-0.13812,0.89575,4.37891,-6.71484,12.03125,-0.54492,-0.61133,0.58008,-0.28986,-0.03460,-0.87203
42,9765,3,-0.42438,0.04602,-0.13531,0.89417,5.42969,-6.83594,12.25391,0.15820,-0.72656,0.23828,-0.28502,-0.03255,-0.88158
43,9766,3,-0.42560,0.04449,-0.13300,0.89398,6.80078,-6.82812,12.19141,0.84766,-0.82422,-0.08398,-0.27944,-0.03366,-0.88391
44,10742,3,-0.42383,0.04132,-0.13208,0.89508,6.95312,-6.92969,11.92188,1.40234,-0.79492,-0.34570,-0.27514,-0.03800,-0.87920
45,9766,3,-0.41937,0.03693,-0.13245,0.89734,6.96875,-6.80078,11.33984,1.80859,-0.61328,-0.56641,-0.27229,-0.04483,-0.86824
46,9765,3,-0.41266,0.03229,-0.13464,0.90033,6.76953,-6.39453,10.52344,2.12305,-0.37695,-0.77148,-0.27283,-0.05301,-0.85226
47,9766,3,-0.40448,0.02771,-0.13739,0.90375,5.70312,-5.24609,8.74609,2.41016,-0.22266,-0.93164,-0.27469,-0.06110,-0.83320
48,10742,3,-0.39423,0.02313,-0.14154,0.90778,4.80469,-4.66797,7.76953,2.65820,-0.15820,-1.01953,-0.27950,-0.06965,-0.80960
49,9766,3,-0.38293,0.01874,-0.14636,0.91193,3.69141,-4.11328,6.70703,2.92969,-0.08203,-1.07031,-0.28603,-0.07800,-0.78388
50,12695,3,-0.37018,0.01434,-0.15192,0.91632,2.80078,-3.57812,6.12891,3.33398,0.00586,-1.16992,-0.29435,-0.08630,-0.75507
51,6836,3,-0.35663,0.01019,-0.15765,0.92078,2.30859,-2.79297,5.58203,3.77734,-0.02539,-1.33984,-0.30356,-0.09382,-0.72468
52,10742,3,-0.34027,0.00531,-0.16425,0.92584,2.26953,-2.72266,4.78125,4.14258,-0.14453,-1.54883,-0.31453,-0.10212,-0.68820
53,9766,3,-0.32123,-0.00085,-0.17181,0.93127,2.20703,-2.76953,3.87109,4.31250,-0.29492,-1.75977,-0.32730,-0.11221,-0.64576
54,9766,3,-0.30145,-0.00806,-0.17981,0.93634,2.01172,-2.46094,2.17188,4.41406,-0.40625,-1.94922,-0.34100,-0.12381,-0.60159
55,10742,3,-0.28137,-0.01624,-0.18823,0.94080,1.88672,-2.71094,1.81641,4.47266,-0.44531,-2.12500,-0.35577,-0.13691,-0.55657
56,9765,3,-0.26044,-0.02527,-0.19720,0.94482,1.70703,-2.91016,1.25391,4.52344,-0.44141,-2.24414,-0.37214,-0.15103,-0.50945
57,9766,3,-0.23920,-0.03467,-0.20660,0.94812,1.56641,-3.08984,0.85938,4.64648,-0.42578,-2.35547,-0.39018,-0.16532,-0.46152
58,11719,3,-0.21832,-0.04376,-0.21600,0.95068,2.08594,-2.85156,0.21875,4.70703,-0.40234,-2.43945,-0.40923,-0.17846,-0.41434
59,8789,3,-0.19623,-0.05322,-0.22595,0.95270,2.16016,-3.14453,-0.37500,4.60156,-0.23828,-2.46094,-0.43040,-0.19125,-0.36434
60,9765,3,-0.17249,-0.06293,-0.23669,0.95410,1.76562,-3.62891,-0.96094,4.35547,0.07422,-2.34766,-0.45444,-0.20312,-0.31059
61,9766,3,-0.15057,-0.07062,-0.24664,0.95471,1.27344,-3.73438,-1.58203,4.09375,0.42773,-2.20898,-0.47784,-0.21068,-0.26136
62,10742,3,-0.12903,-0.07635,-0.25629,0.95490,1.28125,-2.83203,-2.64844,3.91992,0.62891,-2.15820,-0.50143,-0.21358,-0.21373
63,9766,3,-0.10938,-0.08014,-0.26508,0.95465,1.44141,-2.35156,-3.31641,3.72266,0.70117,-2.19336,-0.52340,-0.21259,-0.17101
64,9765,3,-0.08856,-0.08337,-0.27466,0.95380,1.46484,-2.16016,-3.85547,3.46484,0.75781,-2.21094,-0.54748,-0.20922,-0.12623
65,9766,3,-0.06946,-0.08582,-0.28406,0.95245,1.42969,-1.65234,-4.86719,3.17383,0.86133,-2.19141,-0.57091,-0.20434,-0.08543
66,9766,3,-0.05133,-0.08740,-0.29346,0.95056,1.25391,-1.59766,-5.26172,2.90820,1.05273,-2.13477,-0.59419,-0.19758,-0.04723
67,10742,3,-0.03467,-0.08789,-0.30261,0.94843,1.18750,-1.42969,-5.32812,2.71680,1.27148,-2.09766,-0.61650,-0.18882,-0.01279
68,12695,3,-0.01862,-0.08704,-0.31158,0.94604,1.40234,-1.47266,-5.32422,2.52734,1.35742,-2.07422,-0.63805,-0.17721,0.01932
69,6836,3,-0.00372,-0.08514,-0.32019,0.94354,0.83984,-0.51953,-6.17969,2.27734,1.33984,-2.04102,-0.65826,-0.16378,0.04816
70,9766,3,0.01050,-0.08270,-0.32874,0.94073,0.58984,-0.47266,-6.51172,1.97656,1.28711,-1.99805,-0.67797,-0.14925,0.07503
71,10742,3,0.02405,-0.07983,-0.33765,0.93756,0.42969,-0.26172,-6.65625,1.64258,1.19922,-1.99609,-0.69806,-0.13386,0.10007
72,9766,3,0.03552,-0.07678,-0.34619,0.93433,0.30469,0.02344,-6.85547,1.30273,1.08984,-2.04102,-0.71689,-0.11917,0.12069
73,9765,3,0.04510,-0.07367,-0.35480,0.93097,0.81250,1.05469,-7.08594,1.03711,0.92773,-2.18750,-0.73548,-0.10535,0.13744
74,10742,3,0.05316,-0.07056,-0.36401,0.92719,1.05078,1.37500,-6.93359,0.88086,0.76758,-2.31250,-0.75522,-0.09227,0.15117
75,9766,3,0.05988,-0.06787,-0.37372,0.92310,1.12891,1.29688,-6.54297,0.68555,0.62891,-2.41602,-0.77594,-0.08064,0.16252
76,12695,3,0.06561,-0.06537,-0.38416,0.91858,1.49219,1.01172,-6.57031,0.39453,0.54688,-2.52930,-0.79822,-0.06974,0.17204
77,6836,3,0.06982,-0.06305,-0.39453,0.91406,1.27734,0.79688,-6.60156,0.02539,0.56055,-2.57031,-0.82033,-0.06020,0.17867
78,10742,3,0.07269,-0.06012,-0.40582,0.90906,0.87500,0.51953,-6.37891,-0.20898,0.61523,-2.53711,-0.84435,-0.05033,0.18220
79,8790,3,0.07428,-0.05615,-0.41779,0.90375,0.66797,0.40234,-5.84375,-0.36914,0.66406,-2.43945,-0.86965,-0.03944,0.18233
80,10742,3,0.07501,-0.05200,-0.42822,0.89905,0.42578,0.37109,-5.35547,-0.56445,0.71289,-2.32617,-0.89168,-0.02927,0.18047
81,9765,3,0.07495,-0.04681,-0.43903,0.89410,0.42188,0.52734,-5.39844,-0.93359,0.88477,-2.18945,-0.91446,-0.01790,0.17607
82,10743,3,0.07385,-0.04077,-0.44891,0.88959,0.25391,0.39844,-5.60547,-1.34570,1.26562,-2.01758,-0.93522,-0.00623,0.16881
83,9765,3,0.07166,-0.03278,-0.45789,0.88550,0.35547,0.54688,-5.27734,-1.70703,1.70312,-1.85547,-0.95386,0.00757,0.15758
84,12695,3,0.06860,-0.02203,-0.46600,0.88184,0.26172,-0.19531,-4.53516,-2.03516,2.10938,-1.66406,-0.97051,0.02508,0.14205
85,6836,3,0.06506,-0.00909,-0.47290,0.87866,-0.05078,-0.66797,-4.20703,-2.11523,2.45117,-1.48047,-0.98467,0.04557,0.12338
86,9766,3,0.06140,0.00623,-0.47876,0.87573,-0.46094,-1.15234,-3.67578,-2.00977,2.52148,-1.43555,-0.99704,0.06976,0.10201
87,10742,3,0.05817,0.02289,-0.48407,0.87280,-2.30859,-2.73438,-3.41797,-1.91211,2.27539,-1.47266,-1.00891,0.09641,0.07983
88,9766,3,0.05518,0.03870,-0.48920,0.86957,-3.44531,-3.28906,-3.36328,-1.70312,1.78320,-1.56836,-1.02133,0.12158,0.05856
89,10742,3,0.05194,0.05225,-0.49445,0.86609,-4.35156,-3.67578,-2.92578,-1.35156,1.16016,-1.64844,-1.03473,0.14234,0.03871
90,9766,3,0.04846,0.06281,-0.50024,0.86224,-4.96875,-4.31641,-2.40625,-0.99609,0.59766,-1.57422,-1.04976,0.15744,0.02100
91,9765,3,0.04504,0.06995,-0.50629,0.85834,-6.22656,-5.74609,-1.55469,-0.69141,0.23242,-1.35352,-1.06529,0.16645,0.00659
92,12696,3,0.04199,0.07397,-0.51166,0.85498,-6.83594,-5.92188,-1.19531,-0.50391,0.04883,-1.02930,-1.07889,0.17028,-0.00395
93,6836,3,0.03937,0.07623,-0.51593,0.85229,-7.36719,-6.41797,-1.00391,-0.43750,-0.03711,-0.62891,-1.08968,0.17141,-0.01173
94,10742,3,0.03705,0.07751,-0.51886,0.85052,-7.78906,-6.39453,-0.87891,-0.35938,-0.08398,-0.24414,-1.09706,0.17114,-0.01768
95,9765,3,0.03491,0.07837,-0.52026,0.84973,-7.05859,-5.00781,-0.61328,-0.24023,-0.09766,0.07031,-1.10071,0.17032,-0.02254
96,9766,3,0.03333,0.07867,-0.52008,0.84985,-6.33984,-4.10156,-0.71875,-0.16992,-0.14062,0.32617,-1.10051,0.16919,-0.02556
97,9766,3,0.03217,0.07861,-0.51874,0.85071,-5.62109,-3.39062,-0.94922,-0.06445,-0.22656,0.52344,-1.09744,0.16791,-0.02722
98,10742,3,0.03137,0.07800,-0.51654,0.85211,-4.64062,-2.07031,-0.79688,0.10547,-0.33398,0.69727,-1.09220,0.16611,-0.02750
99,9765,3,0.03088,0.07654,-0.51349,0.85413,-4.54688,-1.43359,-0.67969,0.27148,-0.44141,0.85547,-1.08472,0.16318,-0.02620
100,9766,3,0.03094,0.07428,-0.50989,0.85645,-4.19531,-0.96094,-0.79688,0.41992,-0.53906,0.97656,-1.07583,0.15947,-0.02304
101,10742,3,0.03149,0.07104,-0.50574,0.85919,-3.81250,-0.85547,-0.72656,0.48047,-0.58203,1.11328,-1.06541,0.15455,-0.01796
102,9766,3,0.03235,0.06726,-0.50098,0.86224,-3.63672,-1.17578,-0.53516,0.48633,-0.61328,1.26172,-1.05356,0.14895,-0.01174
103,9765,3,0.03326,0.06329,-0.49573,0.86554,-3.57812,-1.18359,-0.73438,0.39258,-0.62891,1.32422,-1.04064,0.14303,-0.00522
104,9766,3,0.03400,0.05927,-0.48993,0.86908,-3.66406,-1.02734,-0.66406,0.32617,-0.54297,1.40234,-1.02658,0.13675,0.00103
105,10742,3,0.03448,0.05554,-0.48370,0.87280,-4.17578,-1.45703,-0.16016,0.29688,-0.43945,1.52539,-1.01169,0.13068,0.00652
106,9766,3,0.03503,0.05237,-0.47699,0.87665,-4.29297,-1.41797,-0.28125,0.25977,-0.40234,1.62891,-0.99589,0.12557,0.01156
