lineno,time,accurate,i,j,k,r,aX,aY,aZ,gX,gY,gZ,rx,ry,rz
0,1583008,3,0.06207,-0.03003,0.21399,0.97443,-1.46094,0.73438,1.91016,-0.10547,0.85352,-0.10742,0.42771,-0.08519,0.10872
1,9765,3,0.06073,-0.02637,0.21356,0.97467,-3.18359,-0.01562,2.17188,-0.05859,0.96875,0.00000,0.42723,-0.07742,0.10765
2,10742,3,0.05927,-0.02179,0.21356,0.97485,-4.20703,-0.50781,2.08594,0.02539,1.01172,0.13477,0.42770,-0.06785,0.10670
3,9766,3,0.05817,-0.01709,0.21417,0.97491,-5.37891,-1.08203,1.92578,0.13477,0.91406,0.24414,0.42939,-0.05827,0.10648
4,9766,3,0.05750,-0.01227,0.21539,0.97473,-6.57812,-1.51172,1.55078,0.24414,0.73438,0.37305,0.43235,-0.04871,0.10714
5,9765,3,0.05750,-0.00818,0.21716,0.97443,-8.87500,-2.48438,1.12109,0.38281,0.44531,0.55859,0.43633,-0.04092,0.10880
6,10742,3,0.05835,-0.00507,0.21960,0.97382,-9.58594,-2.74609,0.92969,0.55859,0.12305,0.76367,0.44161,-0.03550,0.11172
7,9766,3,0.06036,-0.00336,0.22296,0.97296,-9.83203,-2.97656,0.58203,0.69141,-0.18555,1.00977,0.44859,-0.03346,0.11629
8,9766,3,0.06335,-0.00305,0.22723,0.97174,-9.83984,-2.84766,-0.21875,0.75781,-0.40430,1.29688,0.45731,-0.03473,0.12213
9,9765,3,0.06726,-0.00403,0.23279,0.97021,-9.29688,-2.64062,-0.74219,0.79492,-0.58594,1.56445,0.46844,-0.03914,0.12909
10,10743,3,0.07153,-0.00598,0.23950,0.96826,-8.78516,-2.32812,-1.34766,0.78320,-0.77344,1.80078,0.48184,-0.04586,0.13622
11,9765,3,0.07611,-0.00897,0.24750,0.96588,-8.59375,-2.09375,-2.09766,0.73438,-0.99219,2.04102,0.49774,-0.05503,0.14328
12,11719,3,0.08057,-0.01282,0.25604,0.96320,-8.12109,-1.80469,-3.57422,0.67383,-1.26758,2.27734,0.51469,-0.06600,0.14953
13,8789,3,0.08533,-0.01825,0.26605,0.96002,-7.87109,-1.66406,-4.17188,0.58789,-1.61719,2.47852,0.53443,-0.08053,0.15524
14,9766,3,0.09021,-0.02557,0.27728,0.95618,-7.19922,-1.55078,-4.76172,0.51562,-1.97266,2.61328,0.55656,-0.09910,0.15980
15,9765,3,0.09503,-0.03461,0.28876,0.95203,-6.17578,-1.61328,-4.92969,0.44922,-2.30469,2.69336,0.57908,-0.12108,0.16287
16,9766,3,0.09998,-0.04547,0.30048,0.94745,-3.50000,-1.97266,-4.97656,0.38281,-2.55078,2.72070,0.60209,-0.14677,0.16462
17,10742,3,0.10492,-0.05768,0.31213,0.94244,-2.04297,-2.16406,-4.89062,0.34570,-2.76953,2.65234,0.62513,-0.17511,0.16502
18,9766,3,0.10999,-0.07092,0.32330,0.93719,-0.83594,-2.30469,-4.75781,0.35742,-2.98828,2.49805,0.64737,-0.20550,0.16448
19,9765,3,0.11542,-0.08539,0.33398,0.93158,2.19141,-2.40234,-3.85547,0.45703,-3.14453,2.26953,0.66887,-0.23844,0.16333
20,12696,3,0.12134,-0.10022,0.34332,0.92596,3.83984,-2.22656,-3.92969,0.52734,-3.20898,2.03320,0.68780,-0.27225,0.16256
21,6836,3,0.12775,-0.11487,0.35132,0.92035,5.17578,-2.37109,-3.60547,0.46680,-3.07422,1.84375,0.70417,-0.30595,0.16267
22,9765,3,0.13440,-0.12964,0.35840,0.91473,6.08984,-2.46875,-3.42578,0.36719,-2.83984,1.69531,0.71881,-0.34000,0.16295
23,10742,3,0.14038,-0.14349,0.36469,0.90924,7.22266,-2.02734,-3.13281,0.33594,-2.64258,1.54688,0.73228,-0.37184,0.16238
24,9766,3,0.14600,-0.15692,0.37054,0.90375,7.75391,-1.54297,-3.10156,0.34766,-2.46484,1.37305,0.74526,-0.40262,0.16112
25,10742,3,0.15118,-0.16901,0.37555,0.89862,8.35547,-1.08984,-3.14453,0.26758,-2.27734,1.19727,0.75666,-0.43048,0.15999
26,9766,3,0.15588,-0.17993,0.37970,0.89398,9.01172,-0.68359,-3.27344,0.12695,-2.04688,0.96680,0.76637,-0.45567,0.15888
27,9765,3,0.15985,-0.19006,0.38300,0.88977,10.53906,0.15234,-3.48438,-0.03516,-1.75391,0.70898,0.77453,-0.47872,0.15710
28,12696,3,0.16290,-0.19916,0.38519,0.88623,10.86328,0.48828,-3.36328,-0.18750,-1.46289,0.48047,0.78052,-0.49895,0.15472
29,7812,3,0.16486,-0.20654,0.38635,0.88373,10.96094,0.64453,-3.32812,-0.31641,-1.16602,0.30273,0.78421,-0.51485,0.15198
30,9766,3,0.16583,-0.21313,0.38666,0.88177,11.30469,0.86719,-3.07422,-0.41406,-0.85547,0.12305,0.78630,-0.52838,0.14834
31,9765,3,0.16595,-0.21875,0.38635,0.88055,11.48047,1.06641,-3.01953,-0.50586,-0.53516,-0.07422,0.78705,-0.53921,0.14410
32,9766,3,0.16522,-0.22266,0.38538,0.88013,11.50000,1.29688,-3.11328,-0.64258,-0.22266,-0.25586,0.78619,-0.54600,0.13996
33,10742,3,0.16357,-0.22528,0.38367,0.88049,11.23828,1.45312,-3.28125,-0.81445,0.12305,-0.41602,0.78362,-0.54948,0.13549
34,9766,3,0.16077,-0.22662,0.38123,0.88177,10.00000,1.76562,-3.82422,-1.01562,0.38867,-0.59766,0.77940,-0.54943,0.13020
35,9766,3,0.15686,-0.22681,0.37817,0.88373,9.37891,1.77344,-4.07031,-1.21094,0.66602,-0.73633,0.77392,-0.54626,0.12401
36,9765,3,0.15173,-0.22601,0.37439,0.88641,8.56641,1.80078,-4.21484,-1.38477,0.80469,-0.87891,0.76696,-0.54019,0.11659
37,10742,3,0.14551,-0.22455,0.36987,0.88971,7.67969,1.86328,-4.64453,-1.57617,0.87109,-1.06836,0.75855,-0.53195,0.10790
38,9766,3,0.13837,-0.22278,0.36438,0.89355,5.83594,1.91016,-5.27734,-1.77930,0.93359,-1.26758,0.74814,-0.52241,0.09815
39,10742,3,0.13055,-0.22101,0.35791,0.89777,4.92578,1.67969,-5.39844,-2.02930,1.02734,-1.39062,0.73576,-0.51243,0.08756
40,8789,3,0.12170,-0.21906,0.35046,0.90247,3.97656,1.47656,-5.53125,-2.25000,1.00586,-1.49414,0.72149,-0.50140,0.07547
41,10742,3,0.11200,-0.21735,0.34235,0.90723,2.36719,0.51953,-5.43359,-2.41211,0.92773,-1.55859,0.70622,-0.49046,0.06171
42,9766,3,0.10120,-0.21606,0.33319,0.91217,1.73438,0.03906,-5.25000,-2.54688,0.84961,-1.59375,0.68922,-0.47981,0.04582
43,10742,3,0.08997,-0.21527,0.32361,0.91699,1.07812,-0.58594,-4.98047,-2.69727,0.80078,-1.61133,0.67162,-0.47015,0.02880
44,11719,3,0.07837,-0.21497,0.31378,0.92151,0.45703,-1.23438,-4.63672,-2.84961,0.75000,-1.61133,0.65389,-0.46159,0.01065
45,7812,3,0.06647,-0.21509,0.30396,0.92572,-0.86719,-3.02344,-3.46484,-2.92969,0.68555,-1.56836,0.63649,-0.45406,-0.00856
46,9766,3,0.05359,-0.21558,0.29358,0.92975,-1.53906,-3.83203,-2.83594,-2.95117,0.60352,-1.48047,0.61850,-0.44709,-0.02987
47,9766,3,0.04034,-0.21649,0.28320,0.93341,-2.21875,-4.67188,-2.19531,-2.94141,0.55273,-1.32812,0.60090,-0.44120,-0.05234
48,9765,3,0.02710,-0.21765,0.27344,0.93652,-3.21484,-5.76953,-1.01562,-2.89648,0.52148,-1.16797,0.58487,-0.43622,-0.07540
49,10743,3,0.01404,-0.21893,0.26447,0.93915,-3.53125,-5.71875,-0.62500,-2.79688,0.45703,-1.06641,0.57064,-0.43192,-0.09863
50,9765,3,0.00134,-0.22028,0.25616,0.94122,-3.80469,-5.55469,-0.30078,-2.67969,0.40234,-0.98828,0.55792,-0.42830,-0.12157
51,9766,3,-0.01099,-0.22168,0.24829,0.94293,-4.05859,-5.35156,-0.01172,-2.58008,0.39062,-0.87109,0.54611,-0.42529,-0.14409
52,12695,3,-0.02240,-0.22308,0.24121,0.94421,-4.68359,-4.71094,0.47266,-2.49414,0.40625,-0.70508,0.53576,-0.42297,-0.16516
53,7813,3,-0.03406,-0.22437,0.23462,0.94525,-5.08984,-4.25000,0.58203,-2.43164,0.38281,-0.48633,0.52658,-0.42044,-0.18693
54,9765,3,-0.04608,-0.22552,0.22870,0.94592,-5.52734,-3.70703,0.65234,-2.38086,0.34766,-0.20117,0.51904,-0.41759,-0.20975
55,9766,3,-0.05725,-0.22656,0.22437,0.94604,-5.77344,-3.39844,0.75781,-2.32031,0.33984,0.06445,0.51465,-0.41480,-0.23152
56,10742,3,-0.06866,-0.22760,0.22131,0.94580,-5.97656,-2.78125,1.11328,-2.25586,0.31836,0.26758,0.51310,-0.41165,-0.25438
57,9766,3,-0.08002,-0.22852,0.21942,0.94513,-6.10938,-2.46484,1.34375,-2.15820,0.30273,0.43359,0.51403,-0.40805,-0.27758
58,9765,3,-0.09119,-0.22931,0.21844,0.94415,-6.28906,-2.21484,1.58984,-2.05859,0.24414,0.57812,0.51677,-0.40406,-0.30072
59,9766,3,-0.10205,-0.23010,0.21838,0.94287,-6.67969,-1.79688,1.98047,-1.93164,0.11523,0.70703,0.52135,-0.39989,-0.32364
60,12695,3,-0.10205,-0.23010,0.21838,0.94287,-6.64844,-1.44922,2.26562,-1.79297,-0.02148,0.81836,0.52135,-0.39989,-0.32364
61,7813,3,-0.12164,-0.23242,0.22046,0.93945,-6.65625,-1.23047,2.59375,-1.72070,-0.14844,0.87695,0.53477,-0.39311,-0.36653
62,9765,3,-0.13074,-0.23425,0.22253,0.93726,-6.63281,-1.09766,2.72656,-1.64844,-0.32422,0.97070,0.54386,-0.39082,-0.38746
63,9766,3,-0.13953,-0.23669,0.22516,0.93475,-6.76953,-1.15625,3.26562,-1.52734,-0.44727,1.12109,0.55440,-0.38946,-0.40846
64,10742,3,-0.14807,-0.23962,0.22864,0.93188,-6.83984,-1.24219,3.57422,-1.40625,-0.61133,1.25391,0.56702,-0.38859,-0.42969
65,9766,3,-0.15564,-0.24292,0.23291,0.92871,-6.91016,-1.10938,3.67969,-1.28711,-0.83203,1.35547,0.58133,-0.38840,-0.44962
66,9765,3,-0.16266,-0.24683,0.23798,0.92517,-6.68750,-1.14453,3.91406,-1.12695,-1.00000,1.47461,0.59766,-0.38905,-0.46931
67,9766,3,-0.16888,-0.25140,0.24390,0.92133,-5.46875,-1.57031,4.69531,-0.92383,-1.10742,1.56250,0.61610,-0.39071,-0.48834
68,10742,3,-0.17419,-0.25629,0.25061,0.91718,-5.13281,-1.74609,5.01172,-0.74805,-1.20508,1.69531,0.63631,-0.39282,-0.50625
69,9766,3,-0.17865,-0.26117,0.25806,0.91284,-4.83984,-2.00391,5.16016,-0.56641,-1.33008,1.81836,0.65793,-0.39478,-0.52286
70,9765,3,-0.18225,-0.26630,0.26654,0.90820,-3.73828,-2.34375,5.47266,-0.37305,-1.45703,1.84180,0.68180,-0.39688,-0.53851
71,10743,3,-0.18494,-0.27155,0.27551,0.90344,-2.98828,-2.32031,5.62109,-0.17383,-1.58008,1.80469,0.70665,-0.39925,-0.55278
72,9765,3,-0.18652,-0.27710,0.28485,0.89850,-2.43750,-2.41797,5.76172,0.06445,-1.66992,1.81055,0.73241,-0.40246,-0.56552
73,9766,3,-0.18689,-0.28290,0.29468,0.89343,-1.80859,-2.42578,5.83203,0.30273,-1.70898,1.82617,0.75923,-0.40645,-0.57648
74,11719,3,-0.18616,-0.28821,0.30420,0.88867,-0.76562,-2.82812,5.49609,0.50586,-1.74219,1.79102,0.78477,-0.41041,-0.58483
75,8789,3,-0.18427,-0.29358,0.31458,0.88367,-0.22266,-3.05859,5.18750,0.72656,-1.78125,1.73633,0.81204,-0.41472,-0.59156
76,9765,3,-0.18121,-0.29901,0.32544,0.87854,0.23438,-3.14062,4.98828,0.95898,-1.82617,1.68359,0.84028,-0.41965,-0.59653
77,9766,3,-0.17706,-0.30396,0.33594,0.87372,0.72656,-3.33203,4.70703,1.19531,-1.83789,1.63672,0.86712,-0.42485,-0.59893
78,9766,3,-0.17175,-0.30872,0.34656,0.86896,2.17969,-3.52734,3.99609,1.43945,-1.87305,1.52930,0.89390,-0.43067,-0.59918
79,10742,3,-0.16522,-0.31311,0.35712,0.86438,2.89062,-3.44141,3.62109,1.64844,-1.86133,1.39648,0.92001,-0.43706,-0.59691
80,9765,3,-0.15747,-0.31714,0.36737,0.86005,3.75000,-3.45703,3.19922,1.79688,-1.73633,1.26562,0.94493,-0.44427,-0.59203
81,9766,3,-0.14899,-0.32056,0.37720,0.85602,4.99609,-3.02344,2.14844,1.89844,-1.57812,1.10547,0.96824,-0.45161,-0.58508
82,12695,3,-0.13965,-0.32330,0.38666,0.85236,5.39453,-2.76562,1.46484,1.95898,-1.42969,0.91797,0.98989,-0.45909,-0.57570
83,6836,3,-0.13043,-0.32520,0.39490,0.84930,5.40625,-2.39844,0.78516,2.00586,-1.33203,0.75781,1.00804,-0.46604,-0.56508
84,10742,3,-0.12054,-0.32654,0.40265,0.84656,5.31250,-2.12500,0.01562,2.03711,-1.26172,0.67578,1.02444,-0.47329,-0.55244
85,9766,3,-0.10999,-0.32758,0.41022,0.84399,5.36719,-1.44531,-1.13281,2.03906,-1.18555,0.60938,1.03991,-0.48104,-0.53818
86,10742,3,-0.10004,-0.32819,0.41687,0.84174,5.67969,-1.29297,-1.63281,1.98242,-1.04688,0.52930,1.05313,-0.48825,-0.52418
87,9766,3,-0.09027,-0.32831,0.42310,0.83966,6.04688,-1.05859,-2.05469,1.87891,-0.82617,0.43750,1.06497,-0.49492,-0.50976
88,9766,3,-0.08093,-0.32794,0.42877,0.83789,6.33594,-0.83984,-2.40625,1.75391,-0.57227,0.36523,1.07511,-0.50083,-0.49521
89,9765,3,-0.07239,-0.32678,0.43378,0.83655,6.29688,-0.42578,-3.01953,1.61719,-0.36328,0.26172,1.08305,-0.50515,-0.48065
90,10742,3,-0.06488,-0.32495,0.43799,0.83569,6.19531,-0.23047,-3.38281,1.48633,-0.23242,0.14844,1.08866,-0.50782,-0.46660
91,9766,3,-0.05804,-0.32269,0.44153,0.83521,5.95312,-0.06250,-3.69922,1.36133,-0.13086,0.09766,1.09243,-0.50953,-0.45279
92,11719,3,-0.05200,-0.32025,0.44434,0.83502,5.43750,0.17969,-4.00391,1.23438,-0.01953,0.05078,1.09455,-0.51053,-0.43979
93,7812,3,-0.04663,-0.31769,0.44672,0.83508,5.27734,0.31641,-4.13672,1.08398,0.07422,-0.05273,1.09567,-0.51085,-0.42755
94,9766,3,-0.04163,-0.31482,0.44861,0.83539,5.23828,0.33594,-4.06641,0.90039,0.18164,-0.20898,1.09548,-0.51055,-0.41531
95,10742,3,-0.03754,-0.31207,0.44965,0.83606,5.08594,0.33594,-3.91406,0.73828,0.23438,-0.28320,1.09363,-0.50989,-0.40440
96,9766,3,-0.03418,-0.30939,0.44983,0.83710,4.71094,0.67969,-3.14844,0.55664,0.38086,-0.56055,1.09003,-0.50893,-0.39443
97,9765,3,-0.03156,-0.30670,0.44897,0.83862,4.05859,0.57031,-3.07422,0.51562,0.38672,-0.69727,1.08418,-0.50764,-0.38519
98,10742,3,-0.02924,-0.30396,0.44708,0.84076,3.64453,0.23047,-3.06641,0.44141,0.38477,-0.71289,1.07576,-0.50632,-0.37577
99,9766,3,-0.02698,-0.30133,0.44476,0.84302,3.38672,0.12109,-2.33203,0.32617,0.46289,-0.73438,1.06654,-0.50527,-0.36644
100,9766,3,-0.02527,-0.29877,0.44220,0.84528,3.23047,0.17578,-2.05859,0.24023,0.59766,-0.82031,1.05708,-0.50381,-0.35813
