lineno,time,accurate,i,j,k,r,aX,aY,aZ,gX,gY,gZ,rx,ry,rz
0,1181641,3,-0.03351,0.03027,0.68225,0.72974,-2.52344,-0.01953,1.54688,0.58398,0.64258,-0.32227,1.50322,0.09003,-0.00763
1,9766,3,-0.03387,0.03442,0.68085,0.73083,-3.48828,-0.33594,1.32422,0.68555,0.50781,-0.25977,1.49988,0.09659,-0.00265
2,10742,3,-0.03357,0.03864,0.67963,0.73175,-5.46094,-1.24219,0.79688,0.86719,0.23438,-0.17578,1.49714,0.10235,0.00340
3,9766,3,-0.03204,0.04260,0.67871,0.73248,-6.18750,-1.73047,0.50000,1.08789,-0.11133,-0.04688,1.49521,0.10610,0.01095
4,9765,3,-0.02863,0.04614,0.67810,0.73297,-6.83203,-2.05469,0.14453,1.27539,-0.43750,0.10547,1.49417,0.10666,0.02073
5,9766,3,-0.02338,0.04919,0.67798,0.73303,-7.77734,-2.59375,-0.58203,1.38281,-0.76172,0.36914,1.49450,0.10401,0.03262
6,10742,3,-0.01636,0.05151,0.67865,0.73248,-7.98438,-2.91797,-1.03516,1.41406,-1.03320,0.71094,1.49680,0.09782,0.04619
7,9766,3,-0.00806,0.05304,0.68036,0.73090,-7.80078,-2.90625,-1.46484,1.41406,-1.36914,1.01953,1.50190,0.08861,0.06067
8,9765,3,0.00146,0.05347,0.68323,0.72827,-7.53516,-2.74609,-2.19141,1.33203,-1.70117,1.31250,1.50986,0.07594,0.07548
9,12696,3,0.01160,0.05261,0.68689,0.72473,-6.60938,-2.38281,-3.60156,1.14648,-1.93359,1.58008,1.51989,0.06037,0.08937
10,7812,3,0.02258,0.05023,0.69165,0.72015,-6.17969,-2.12500,-4.14453,0.94727,-2.09961,1.78711,1.53253,0.04112,0.10227
11,9766,3,0.03436,0.04620,0.69745,0.71429,-5.63672,-1.89062,-4.62891,0.76953,-2.24414,1.93164,1.54796,0.01807,0.11381
12,9765,3,0.04547,0.04114,0.70343,0.70807,-5.28125,-1.82031,-5.04688,0.58594,-2.42969,2.08398,1.56387,-0.00572,0.12259
13,9766,3,0.05646,0.03479,0.70978,0.70129,-4.71875,-2.30469,-5.75391,0.39844,-2.61133,2.32031,1.58080,-0.03135,0.12899
14,10742,3,0.06757,0.02704,0.71661,0.69366,-4.57422,-2.60547,-5.85156,0.22461,-2.76562,2.57422,1.59938,-0.05936,0.13311
15,9766,3,0.07849,0.01813,0.72400,0.68512,-4.01172,-2.69922,-6.02734,0.07031,-2.94727,2.76172,1.61996,-0.08893,0.13473
16,9765,3,0.08954,0.00781,0.73187,0.67548,-2.19922,-2.79688,-6.21875,-0.02930,-3.14258,2.90625,1.64280,-0.12080,0.13377
17,12696,3,0.10095,-0.00378,0.73999,0.66498,-1.49609,-2.95703,-6.25000,-0.09766,-3.35938,3.04688,1.66732,-0.15506,0.13060
18,7812,3,0.11212,-0.01569,0.74768,0.65436,-0.74219,-3.17188,-6.38672,-0.14844,-3.53320,3.17188,1.69176,-0.18931,0.12585
19,9766,3,0.12439,-0.02924,0.75574,0.64227,0.19922,-3.33203,-6.28516,-0.21680,-3.55078,3.21680,1.71916,-0.22753,0.11894
20,9765,3,0.13660,-0.04315,0.76349,0.62970,3.21094,-3.16016,-6.31250,-0.40039,-3.53906,3.11719,1.74750,-0.26606,0.11024
21,9766,3,0.14899,-0.05829,0.77112,0.61627,4.07031,-2.66016,-6.41016,-0.66016,-3.45312,2.93164,1.77788,-0.30638,0.09847
22,10742,3,0.15991,-0.07336,0.77747,0.60376,4.83203,-2.55078,-6.30078,-0.93164,-3.31055,2.77148,1.80640,-0.34401,0.08404
23,12696,3,0.16949,-0.08893,0.78290,0.59198,5.42969,-2.37891,-6.11719,-1.10938,-3.13086,2.58008,1.83403,-0.37974,0.06619
24,6835,3,0.17743,-0.10388,0.78723,0.58136,7.18750,-1.73828,-5.39453,-1.23438,-2.91992,2.31836,1.85967,-0.41168,0.04666
25,10743,3,0.18457,-0.11932,0.79089,0.57111,7.93750,-1.31250,-4.96094,-1.34766,-2.55664,2.05273,1.88528,-0.44256,0.02443
26,9765,3,0.19061,-0.13507,0.79388,0.56146,8.57031,-1.01172,-4.30078,-1.46484,-2.08984,1.78516,1.91058,-0.47158,-0.00047
27,9766,3,0.19452,-0.14893,0.79596,0.55353,9.33984,-0.92188,-3.65625,-1.56250,-1.60352,1.52148,1.93253,-0.49445,-0.02470
28,9766,3,0.19641,-0.16168,0.79755,0.54700,9.45312,-0.71875,-3.21875,-1.61914,-1.12695,1.26367,1.95220,-0.51229,-0.04938
29,10742,3,0.19629,-0.17310,0.79865,0.54187,9.57422,-0.50781,-2.98438,-1.65234,-0.73633,1.00977,1.96913,-0.52492,-0.07375
30,8789,3,0.19458,-0.18311,0.79938,0.53815,9.70312,-0.12891,-3.07031,-1.74023,-0.29688,0.72266,1.98303,-0.53305,-0.09689
31,12695,3,0.19135,-0.19171,0.79962,0.53595,10.00781,0.16016,-3.03125,-1.85742,0.07812,0.35352,1.99323,-0.53693,-0.11839
32,7813,3,0.18640,-0.19971,0.79919,0.53540,10.16016,0.37500,-3.19922,-1.91211,0.37109,-0.11914,1.99959,-0.53727,-0.13968
33,10742,3,0.18011,-0.20685,0.79779,0.53693,9.98438,0.47266,-3.05859,-2.04102,0.64453,-0.56641,2.00058,-0.53463,-0.15946
34,9765,3,0.17297,-0.21313,0.79523,0.54065,9.48047,0.26562,-3.28125,-2.25195,0.89844,-0.93945,1.99558,-0.53002,-0.17702
35,9766,3,0.16492,-0.21887,0.79150,0.54626,7.96484,-0.31250,-3.35156,-2.43750,1.14062,-1.26562,1.98537,-0.52383,-0.19325
36,10742,3,0.15558,-0.22443,0.78674,0.55359,6.99219,-0.52344,-3.16016,-2.56641,1.35156,-1.53906,1.97070,-0.51586,-0.20947
37,9766,3,0.15558,-0.22443,0.78674,0.55359,5.95312,-0.79688,-2.94531,-2.65430,1.53320,-1.75195,1.97070,-0.51586,-0.20947
38,9765,3,0.13416,-0.23456,0.77429,0.57220,3.92188,-1.30859,-2.79688,-2.76172,1.68555,-1.91797,1.93004,-0.49633,-0.24081
39,9766,3,0.12231,-0.23914,0.76685,0.58289,2.90625,-1.43359,-2.84375,-2.90234,1.79883,-2.03125,1.90545,-0.48521,-0.25623
40,10742,3,0.10968,-0.24371,0.75867,0.59418,1.73438,-1.51562,-2.96875,-3.04102,1.81445,-2.11914,1.87890,-0.47352,-0.27240
41,11719,3,0.09637,-0.24841,0.74969,0.60577,0.60156,-1.66797,-2.96094,-3.18164,1.78125,-2.10352,1.85089,-0.46170,-0.28964
42,7813,3,0.08350,-0.25330,0.74066,0.61670,-1.87891,-2.31641,-2.95312,-3.37695,1.73242,-2.01953,1.82401,-0.45125,-0.30731
43,9765,3,0.06897,-0.25934,0.73041,0.62811,-3.01562,-2.54688,-2.77344,-3.60156,1.63867,-1.88672,1.79542,-0.44065,-0.32895
44,10742,3,0.05414,-0.26617,0.72003,0.63861,-3.93359,-2.83594,-2.62109,-3.84766,1.54492,-1.68945,1.76860,-0.43114,-0.35308
45,9766,3,0.03888,-0.27393,0.70966,0.64795,-4.85156,-3.16797,-1.98438,-4.06641,1.46875,-1.40625,1.74414,-0.42263,-0.38014
46,9766,3,0.02301,-0.28265,0.69946,0.65601,-6.39844,-3.75391,-0.71094,-4.20703,1.45703,-1.03516,1.72246,-0.41482,-0.41049
47,11718,3,0.00604,-0.29211,0.68970,0.66254,-7.01953,-3.86328,0.19531,-4.23633,1.45898,-0.65234,1.70404,-0.40651,-0.44446
48,7813,3,-0.01117,-0.30145,0.68097,0.66730,-7.39844,-3.78906,1.00000,-4.16406,1.34375,-0.36914,1.68949,-0.39749,-0.47962
49,10742,3,-0.02954,-0.31128,0.67255,0.67072,-7.62109,-3.59766,1.55469,-4.07812,1.13867,-0.15430,1.67737,-0.38747,-0.51789
50,9766,3,-0.04742,-0.32117,0.66486,0.67273,-7.81250,-3.59375,1.66797,-4.05078,0.91992,0.06250,1.66818,-0.37800,-0.55642
51,9765,3,-0.06439,-0.33124,0.65790,0.67334,-8.03906,-3.83203,2.03125,-3.89062,0.76562,0.33789,1.66209,-0.36968,-0.59483
52,9766,3,-0.08069,-0.34125,0.65167,0.67255,-7.96875,-4.33984,2.96875,-3.43359,0.57812,0.62695,1.65890,-0.36170,-0.63304
53,12695,3,-0.08069,-0.34125,0.65167,0.67255,-7.51562,-4.44922,4.15234,-2.87695,0.37109,0.85547,1.65890,-0.36170,-0.63304
54,7813,3,-0.10876,-0.35870,0.64368,0.66724,-7.16016,-4.20703,4.50781,-2.42383,0.33203,1.07617,1.66227,-0.34549,-0.70105
55,9765,3,-0.12073,-0.36572,0.64197,0.66296,-6.85156,-3.91016,4.73828,-2.10742,0.34570,1.30273,1.66818,-0.33622,-0.73018
56,10743,3,-0.13147,-0.37122,0.64166,0.65814,-6.55859,-3.49219,4.56641,-1.89453,0.30664,1.47852,1.67559,-0.32564,-0.75528
57,9765,3,-0.14172,-0.37573,0.64246,0.65271,-6.29688,-2.62500,4.18359,-1.75195,0.21289,1.61328,1.68437,-0.31348,-0.77817
58,9766,3,-0.15125,-0.37970,0.64398,0.64667,-6.39453,-2.23047,4.02734,-1.65234,0.04883,1.78711,1.69449,-0.30082,-0.79932
59,9765,3,-0.16034,-0.38354,0.64630,0.63989,-6.42969,-1.89062,3.94531,-1.52734,-0.19922,1.95312,1.70641,-0.28755,-0.81978
60,10743,3,-0.16858,-0.38745,0.64941,0.63226,-5.57031,-1.31250,3.90625,-1.40234,-0.42773,2.07812,1.72062,-0.27441,-0.83938
61,11718,3,-0.17603,-0.39154,0.65338,0.62354,-4.75391,-1.17188,4.12500,-1.28906,-0.58203,2.16992,1.73763,-0.26122,-0.85848
62,7813,3,-0.18231,-0.39551,0.65771,0.61456,-3.94141,-1.19922,4.42578,-1.17969,-0.66797,2.23047,1.75561,-0.24889,-0.87580
63,9765,3,-0.18835,-0.39954,0.66272,0.60474,-3.08984,-1.34375,4.68750,-1.01172,-0.73438,2.23438,1.77549,-0.23575,-0.89292
64,10743,3,-0.19373,-0.40320,0.66797,0.59473,-2.03516,-2.00000,5.16406,-0.79102,-0.82227,2.21875,1.79572,-0.22262,-0.90845
65,9765,3,-0.19843,-0.40649,0.67383,0.58423,-1.51953,-2.12109,5.12891,-0.56836,-0.94922,2.18945,1.81719,-0.20909,-0.92238
66,9766,3,-0.20178,-0.40918,0.67981,0.57422,-1.05859,-2.27344,5.04688,-0.36328,-1.07227,2.14648,1.83820,-0.19684,-0.93327
67,9766,3,-0.20410,-0.41150,0.68622,0.56403,-0.59766,-2.48047,4.97656,-0.18750,-1.17969,2.08984,1.86013,-0.18513,-0.94212
68,10742,3,-0.20526,-0.41351,0.69293,0.55383,1.04688,-2.69141,5.02344,0.05078,-1.19922,2.00586,1.88277,-0.17445,-0.94888
69,12695,3,-0.20544,-0.41498,0.69977,0.54395,2.06641,-2.73047,5.23047,0.34375,-1.15820,1.86914,1.90525,-0.16467,-0.95331
70,6836,3,-0.20477,-0.41553,0.70648,0.53510,2.91797,-2.82812,5.30859,0.59375,-1.04297,1.71484,1.92594,-0.15598,-0.95471
71,9766,3,-0.20325,-0.41498,0.71344,0.52673,3.57031,-3.01953,5.16797,0.77344,-0.85938,1.56641,1.94599,-0.14770,-0.95298
72,10742,3,-0.20129,-0.41333,0.72058,0.51910,4.11719,-3.22656,4.84766,0.97656,-0.69141,1.42188,1.96470,-0.13947,-0.94842
73,9765,3,-0.19934,-0.41071,0.72699,0.51294,4.14844,-3.25000,4.56250,1.20703,-0.55664,1.28906,1.97990,-0.13187,-0.94185
74,9766,3,-0.19696,-0.40692,0.73340,0.50769,4.14844,-3.29688,4.28516,1.43359,-0.42188,1.15430,1.99335,-0.12460,-0.93246
75,9766,3,-0.19440,-0.40228,0.73944,0.50354,4.59766,-3.19141,3.68359,1.62891,-0.28516,1.00586,2.00446,-0.11792,-0.92111
76,10742,3,-0.19122,-0.39618,0.74591,0.50012,4.93359,-3.08594,3.22266,1.76172,-0.13672,0.83984,2.01451,-0.11123,-0.90616
77,9765,3,-0.18805,-0.38953,0.75177,0.49774,5.29688,-2.98047,2.78516,1.83008,0.04492,0.69531,2.02216,-0.10522,-0.89015
78,9766,3,-0.18488,-0.38220,0.75726,0.49634,5.50391,-2.89844,2.29688,1.91406,0.18164,0.57422,2.02768,-0.09956,-0.87279
79,9766,3,-0.18188,-0.37421,0.76233,0.49579,5.40625,-2.53906,1.50781,2.02734,0.28320,0.49219,2.03109,-0.09387,-0.85438
80,10742,3,-0.17883,-0.36554,0.76715,0.49585,5.26953,-2.43359,1.04297,2.15039,0.35938,0.40820,2.03312,-0.08824,-0.83469
81,9766,3,-0.17572,-0.35626,0.77179,0.49646,5.35938,-2.29297,0.62891,2.22070,0.45312,0.27930,2.03397,-0.08260,-0.81383
82,9765,3,-0.17261,-0.34680,0.77606,0.49768,5.33203,-2.12500,0.31641,2.34570,0.53125,0.27539,2.03352,-0.07736,-0.79263
83,9766,3,-0.16919,-0.33600,0.78040,0.49945,5.07031,-2.51172,-0.81250,2.31445,0.53125,0.24023,2.03195,-0.07162,-0.76872
84,10742,3,-0.16589,-0.32532,0.78448,0.50122,4.35938,-1.86328,-0.85938,2.28320,0.64648,0.13672,2.03026,-0.06588,-0.74530
85,9766,3,-0.16272,-0.31451,0.78821,0.50336,4.18359,-1.57031,-0.90234,2.33984,0.68555,-0.01758,2.02765,-0.06015,-0.72187
86,9765,3,-0.15979,-0.30420,0.79120,0.50586,3.77344,-1.41797,-1.58594,2.28906,0.66602,-0.20312,2.02393,-0.05494,-0.69975
87,10742,3,-0.15631,-0.29285,0.79395,0.50934,3.39844,-1.40625,-2.27344,2.14844,0.58984,-0.36523,2.01840,-0.05013,-0.67519
88,9766,3,-0.15271,-0.28253,0.79596,0.51312,3.12109,-1.41797,-2.83984,1.94922,0.48828,-0.43750,2.01223,-0.04686,-0.65248
89,12695,3,-0.14911,-0.27325,0.79730,0.51709,2.91016,-1.46484,-3.31250,1.77344,0.40234,-0.46094,2.00554,-0.04484,-0.63174
