lineno,time,accurate,i,j,k,r,aX,aY,aZ,gX,gY,gZ,rx,ry,rz
0,1112305,3,0.09106,-0.09772,0.34210,0.93011,0.01953,-0.85156,-3.43359,-0.64453,-0.01562,-0.19531,0.69176,-0.24658,0.10594
1,9766,3,0.08844,-0.09869,0.34082,0.93073,-0.21094,-1.07422,-4.31250,-0.72852,-0.02344,-0.17383,0.68958,-0.24649,0.10056
2,10742,3,0.08527,-0.09991,0.33948,0.93140,-0.28516,-1.07812,-4.77344,-0.83984,-0.01367,-0.14648,0.68739,-0.24650,0.09397
3,9765,3,0.08167,-0.10132,0.33820,0.93207,-0.40234,-1.00781,-5.20312,-0.98633,0.00195,-0.11523,0.68543,-0.24659,0.08642
4,9766,3,0.07751,-0.10278,0.33704,0.93268,-0.51562,-0.81641,-5.96094,-1.15430,0.01758,-0.10547,0.68389,-0.24645,0.07773
5,9766,3,0.07257,-0.10455,0.33588,0.93329,-0.51562,-0.68359,-6.35156,-1.34961,0.02344,-0.10547,0.68257,-0.24638,0.06730
6,10742,3,0.06665,-0.10651,0.33459,0.93396,-0.59375,-0.63672,-6.62109,-1.56250,0.03906,-0.08008,0.68123,-0.24602,0.05490
7,9765,3,0.05981,-0.10876,0.33331,0.93457,-0.73828,-0.69531,-6.84766,-1.77539,0.05664,-0.04297,0.68017,-0.24565,0.04053
8,9766,3,0.05231,-0.11121,0.33209,0.93518,-1.04688,-0.89062,-7.00391,-1.99023,0.08203,-0.00586,0.67939,-0.24520,0.02471
9,10742,3,0.04297,-0.11414,0.33081,0.93579,-1.16016,-1.04688,-6.95703,-2.20312,0.11523,0.03711,0.67897,-0.24447,0.00506
10,9766,3,0.03296,-0.11713,0.32959,0.93622,-1.22266,-1.22656,-6.83203,-2.39844,0.15234,0.08594,0.67894,-0.24345,-0.01597
11,9766,3,0.02197,-0.12030,0.32849,0.93658,-1.32031,-1.39844,-6.71094,-2.56055,0.19922,0.11914,0.67940,-0.24212,-0.03902
12,9765,3,0.00983,-0.12360,0.32739,0.93671,-1.30469,-1.77734,-6.27344,-2.73438,0.24219,0.14648,0.68026,-0.24029,-0.06441
13,10742,3,-0.00287,-0.12683,0.32629,0.93671,-1.28906,-1.79688,-6.17578,-2.93945,0.25000,0.13281,0.68126,-0.23798,-0.09083
14,9766,3,-0.01678,-0.13037,0.32507,0.93652,-1.21875,-1.67578,-6.01953,-3.14258,0.24805,0.11133,0.68237,-0.23544,-0.11978
15,9766,3,-0.03082,-0.13391,0.32361,0.93616,-1.23438,-1.67969,-5.71094,-3.32422,0.25000,0.13086,0.68309,-0.23288,-0.14894
16,9765,3,-0.04712,-0.13812,0.32178,0.93549,-1.21094,-2.39453,-4.62500,-3.41797,0.25977,0.16406,0.68378,-0.23013,-0.18286
17,10742,3,-0.06354,-0.14233,0.32001,0.93451,-1.22656,-2.61719,-3.90234,-3.45703,0.35156,0.20312,0.68471,-0.22731,-0.21709
18,8789,3,-0.08026,-0.14636,0.31824,0.93323,-1.18750,-2.91016,-3.09766,-3.50586,0.41016,0.25977,0.68575,-0.22395,-0.25182
19,10743,3,-0.09656,-0.14984,0.31659,0.93164,-0.76562,-3.44531,-2.08984,-3.55273,0.44336,0.27539,0.68687,-0.21983,-0.28544
20,9765,3,-0.11456,-0.15344,0.31482,0.92963,-0.37500,-3.30469,-1.44531,-3.59570,0.51562,0.26758,0.68813,-0.21481,-0.32246
21,10742,3,-0.13208,-0.15668,0.31299,0.92737,-0.01953,-3.32812,-0.80078,-3.62891,0.58984,0.24805,0.68906,-0.20945,-0.35835
22,9766,3,-0.15009,-0.15961,0.31085,0.92487,0.27344,-3.31250,-0.21484,-3.62695,0.63281,0.20898,0.68930,-0.20332,-0.39496
23,9766,3,-0.16711,-0.16211,0.30859,0.92224,0.64062,-3.93750,1.06641,-3.57031,0.67969,0.17969,0.68893,-0.19715,-0.42945
24,10742,3,-0.18561,-0.16455,0.30585,0.91919,0.88672,-3.92188,1.86719,-3.45898,0.70312,0.12695,0.68775,-0.19012,-0.46675
25,9766,3,-0.20306,-0.16663,0.30298,0.91608,1.14844,-3.81641,2.39844,-3.35938,0.69531,0.04688,0.68592,-0.18326,-0.50188
26,9765,3,-0.21973,-0.16846,0.29974,0.91296,1.55859,-4.04297,3.39844,-3.27148,0.71094,-0.01953,0.68306,-0.17679,-0.53535
27,9766,3,-0.23590,-0.17017,0.29620,0.90973,1.80469,-4.11328,4.21094,-3.16406,0.81055,-0.05273,0.67947,-0.17070,-0.56790
28,9765,3,-0.25177,-0.17151,0.29236,0.90649,2.12500,-4.24609,5.06641,-3.00977,0.95312,-0.09570,0.67491,-0.16447,-0.59965
29,9766,3,-0.26697,-0.17212,0.28821,0.90332,2.30469,-4.48047,5.95703,-2.79297,1.07812,-0.15039,0.66915,-0.15773,-0.62966
30,10742,3,-0.26697,-0.17212,0.28821,0.90332,1.94531,-4.76562,7.14062,-2.55273,1.13867,-0.16211,0.66915,-0.15773,-0.62966
31,9766,3,-0.29413,-0.17096,0.27948,0.89789,1.48438,-4.68359,7.58594,-2.29297,1.19141,-0.12109,0.65435,-0.14308,-0.68175
32,9765,3,-0.30695,-0.16925,0.27490,0.89532,1.21875,-4.50391,8.00391,-2.05273,1.13867,-0.14453,0.64548,-0.13471,-0.70566
33,10743,3,-0.31830,-0.16724,0.27063,0.89301,1.01562,-4.19531,8.16797,-1.82617,0.95898,-0.22461,0.63676,-0.12675,-0.72662
34,9765,3,-0.32819,-0.16547,0.26654,0.89099,1.11328,-3.71875,8.58203,-1.58008,0.82422,-0.31641,0.62836,-0.12020,-0.74493
35,10742,3,-0.33685,-0.16425,0.26245,0.88922,1.23828,-3.67969,8.99219,-1.31641,0.68750,-0.41602,0.62027,-0.11554,-0.76129
36,8790,3,-0.34387,-0.16339,0.25842,0.88782,1.37500,-3.58594,9.30859,-1.02930,0.53125,-0.49414,0.61249,-0.11264,-0.77471
37,10742,3,-0.34955,-0.16302,0.25439,0.88684,1.75781,-3.20703,9.53906,-0.74414,0.36914,-0.56055,0.60497,-0.11154,-0.78575
38,9765,3,-0.35364,-0.16315,0.25061,0.88629,1.90625,-2.95312,9.58594,-0.47266,0.22266,-0.61523,0.59820,-0.11218,-0.79393
39,10743,3,-0.35620,-0.16370,0.24701,0.88617,2.19531,-2.72266,9.62500,-0.18555,0.09570,-0.67969,0.59204,-0.11441,-0.79931
40,8789,3,-0.35736,-0.16455,0.24365,0.88647,2.72266,-2.36328,9.60156,0.08203,0.01758,-0.77344,0.58649,-0.11787,-0.80202
41,10742,3,-0.35706,-0.16571,0.24042,0.88727,3.41406,-1.79688,9.21875,0.32812,-0.01953,-0.84570,0.58128,-0.12268,-0.80192
42,9765,3,-0.35541,-0.16699,0.23694,0.88861,3.66406,-1.62109,8.81250,0.55664,-0.11328,-0.94531,0.57557,-0.12872,-0.79909
43,10743,3,-0.35260,-0.16840,0.23352,0.89038,3.96875,-1.39062,8.35938,0.76172,-0.24805,-1.08203,0.56991,-0.13561,-0.79390
44,8789,3,-0.34857,-0.17029,0.22998,0.89252,4.22656,-1.21484,7.89062,0.95312,-0.35938,-1.23047,0.56427,-0.14414,-0.78651
45,10742,3,-0.34338,-0.17273,0.22607,0.89508,5.46875,-1.06250,7.44531,1.11914,-0.36133,-1.41602,0.55817,-0.15456,-0.77701
46,10742,3,-0.33716,-0.17548,0.22174,0.89801,6.50000,-1.18750,7.33594,1.26562,-0.30078,-1.67188,0.55128,-0.16639,-0.76549
47,8789,3,-0.33038,-0.17816,0.21674,0.90118,7.29297,-1.28125,7.11328,1.39453,-0.16602,-1.92773,0.54288,-0.17885,-0.75269
48,9766,3,-0.32227,-0.18091,0.21002,0.90515,8.27344,-1.83594,6.78906,1.49805,0.14258,-2.14258,0.53082,-0.19334,-0.73679
49,10742,3,-0.31366,-0.18274,0.20209,0.90961,8.23828,-2.31250,6.49609,1.64648,0.45703,-2.33789,0.51532,-0.20715,-0.71889
50,9766,3,-0.30475,-0.18335,0.19293,0.91449,7.85156,-2.47656,5.85156,1.82617,0.72266,-2.48828,0.49615,-0.21951,-0.69915
51,10742,3,-0.29498,-0.18268,0.18256,0.91992,7.12109,-2.62109,5.06641,1.96289,0.95508,-2.57031,0.47317,-0.23044,-0.67640
52,8789,3,-0.28442,-0.18079,0.17120,0.92578,5.58203,-2.42969,3.08984,2.02344,1.17383,-2.61914,0.44693,-0.23964,-0.65086
53,10742,3,-0.27393,-0.17798,0.15979,0.93152,4.97266,-2.28906,2.09766,2.06250,1.36719,-2.67383,0.41975,-0.24654,-0.62477
54,9766,3,-0.26306,-0.17407,0.14771,0.93738,4.34375,-2.08594,1.11328,2.06836,1.48242,-2.72656,0.39027,-0.25127,-0.59711
55,9765,3,-0.25189,-0.16943,0.13489,0.94324,3.00391,-1.40234,-0.80469,2.02734,1.58008,-2.73242,0.35875,-0.25440,-0.56829
56,10742,3,-0.24084,-0.16425,0.12189,0.94873,2.40625,-1.13672,-1.67969,1.91992,1.67383,-2.71094,0.32663,-0.25573,-0.53958
57,9766,3,-0.23071,-0.15894,0.10938,0.95367,1.97656,-0.92969,-2.54297,1.75586,1.84180,-2.65625,0.29572,-0.25546,-0.51297
58,9766,3,-0.22040,-0.15247,0.09570,0.95868,1.50391,-0.92578,-3.11328,1.61328,1.97656,-2.60156,0.26191,-0.25282,-0.48542
59,9765,3,-0.21136,-0.14563,0.08270,0.96295,-0.23047,-0.43750,-4.38672,1.48633,1.99219,-2.53711,0.22983,-0.24804,-0.46092
60,10742,3,-0.20239,-0.13782,0.06891,0.96710,-1.08594,-0.44922,-5.00781,1.28711,1.95117,-2.44727,0.19595,-0.24100,-0.43640
61,9766,3,-0.19458,-0.13037,0.05591,0.97058,-2.01953,-0.66797,-5.45703,1.02148,1.81055,-2.34961,0.16444,-0.23343,-0.41503
62,9766,3,-0.18787,-0.12329,0.04333,0.97345,-2.99219,-1.05469,-5.77734,0.79297,1.63086,-2.20703,0.13450,-0.22567,-0.39656
63,9765,3,-0.18231,-0.11688,0.03119,0.97577,-4.44531,-2.18359,-5.13672,0.68359,1.42188,-2.06836,0.10620,-0.21846,-0.38108
64,10743,3,-0.18231,-0.11688,0.03119,0.97577,-4.70312,-2.64453,-4.73828,0.66992,1.24023,-1.95703,0.10620,-0.21846,-0.38108
65,9765,3,-0.17346,-0.10681,0.00995,0.97900,-4.65625,-2.89844,-4.37891,0.66211,1.13867,-1.86328,0.05780,-0.20716,-0.35673
66,9766,3,-0.16907,-0.10254,-0.00018,0.98022,-4.80078,-3.08594,-4.12109,0.61328,1.08008,-1.76172,0.03504,-0.20248,-0.34516
67,10742,3,-0.16492,-0.09869,-0.00964,0.98132,-5.11719,-3.17969,-4.24609,0.55078,1.01953,-1.63086,0.01390,-0.19817,-0.33438
68,9766,3,-0.16107,-0.09503,-0.01837,0.98218,-5.56641,-3.30469,-4.32812,0.44727,0.94141,-1.48242,-0.00558,-0.19381,-0.32455
69,9765,3,-0.15778,-0.09155,-0.02643,0.98285,-6.09375,-3.57422,-4.48438,0.32812,0.83398,-1.27344,-0.02348,-0.18944,-0.31611
70,9766,3,-0.15521,-0.08856,-0.03314,0.98334,-7.01953,-3.97266,-4.24609,0.27344,0.69531,-1.02344,-0.03836,-0.18553,-0.30953
71,9765,3,-0.15289,-0.08563,-0.03937,0.98370,-7.12891,-4.10547,-4.00391,0.27344,0.55469,-0.77930,-0.05215,-0.18152,-0.30364
72,10743,3,-0.15100,-0.08344,-0.04395,0.98401,-7.09766,-4.10547,-3.79688,0.30469,0.43359,-0.56836,-0.06232,-0.17842,-0.29896
73,9765,3,-0.14917,-0.08160,-0.04730,0.98431,-6.99609,-4.14453,-3.62891,0.35742,0.28320,-0.41992,-0.06991,-0.17566,-0.29465
74,9766,3,-0.14722,-0.08038,-0.04968,0.98456,-6.78906,-3.60156,-3.64453,0.39844,0.11133,-0.28320,-0.07537,-0.17379,-0.29028
75,10742,3,-0.14722,-0.08038,-0.04968,0.98456,-6.58984,-3.14844,-3.77344,0.41602,-0.09375,-0.18164,-0.07537,-0.17379,-0.29028
76,9766,3,-0.14294,-0.08014,-0.05200,0.98511,-6.27734,-2.53906,-3.93359,0.39844,-0.29688,-0.10547,-0.08085,-0.17363,-0.28116
77,9765,3,-0.14093,-0.08136,-0.05219,0.98529,-5.37891,-1.69531,-3.98047,0.35742,-0.41406,0.01367,-0.08124,-0.17594,-0.27697
78,9766,3,-0.13904,-0.08331,-0.05182,0.98541,-4.91406,-1.42188,-3.86719,0.32031,-0.45898,0.12500,-0.08034,-0.17957,-0.27311
79,10742,3,-0.13745,-0.08557,-0.05084,0.98547,-4.37109,-1.05859,-3.82812,0.27344,-0.44531,0.20703,-0.07808,-0.18367,-0.26997
80,8789,3,-0.13617,-0.08783,-0.04938,0.98553,-3.98047,-0.86328,-3.86719,0.18359,-0.38672,0.32031,-0.07479,-0.18767,-0.26756
81,10742,3,-0.13525,-0.08972,-0.04755,0.98560,-3.92578,-0.67969,-3.82812,0.08398,-0.32422,0.45703,-0.07080,-0.19088,-0.26598
82,9766,3,-0.13483,-0.09137,-0.04504,0.98560,-3.91016,-0.60156,-3.78125,-0.00586,-0.30078,0.56055,-0.06542,-0.19347,-0.26556
83,10742,3,-0.13489,-0.09259,-0.04205,0.98566,-3.81250,-0.51562,-3.66797,-0.06641,-0.33203,0.61914,-0.05907,-0.19509,-0.26623
84,9766,3,-0.13531,-0.09381,-0.03876,0.98560,-3.70312,-0.38672,-3.46094,-0.10352,-0.40430,0.66016,-0.05204,-0.19667,-0.26774
85,9765,3,-0.13611,-0.09528,-0.03516,0.98547,-3.60547,-0.31641,-2.98438,-0.12695,-0.46094,0.71680,-0.04424,-0.19866,-0.27008
86,10743,3,-0.13702,-0.09698,-0.03125,0.98529,-3.42969,-0.37109,-2.70703,-0.12891,-0.50000,0.78320,-0.03573,-0.20104,-0.27276
87,9765,3,-0.13806,-0.09882,-0.02710,0.98511,-3.18359,-0.37891,-2.37891,-0.11328,-0.52539,0.83203,-0.02666,-0.20358,-0.27576
88,9766,3,-0.13910,-0.10089,-0.02258,0.98486,-2.74219,-0.53906,-1.86328,-0.11328,-0.50391,0.89062,-0.01677,-0.20648,-0.27888
89,9766,3,-0.14014,-0.10284,-0.01782,0.98462,-2.60156,-0.62109,-1.70312,-0.15039,-0.40820,0.97070,-0.00641,-0.20904,-0.28208
90,9765,3,-0.14124,-0.10449,-0.01276,0.98438,-2.58203,-0.74219,-1.60547,-0.21484,-0.28711,1.05469,0.00450,-0.21088,-0.28549
91,9766,3,-0.14264,-0.10553,-0.00745,0.98413,-2.69531,-0.62109,-1.51172,-0.27344,-0.25781,1.07812,0.01580,-0.21139,-0.28955
92,10742,3,-0.14435,-0.10614,-0.00208,0.98383,-3.17969,-0.26562,-1.50391,-0.30078,-0.28125,1.11719,0.02716,-0.21100,-0.29424
93,9766,3,-0.14636,-0.10669,0.00378,0.98346,-3.27734,-0.17969,-1.28906,-0.32812,-0.30859,1.16602,0.03955,-0.21029,-0.29965
94,10742,3,-0.14850,-0.10736,0.00970,0.98303,-3.07812,0.10156,-0.92969,-0.33008,-0.41992,1.15625,0.05213,-0.20973,-0.30534
