lineno,time,accurate,i,j,k,r,aX,aY,aZ,gX,gY,gZ,rx,ry,rz
0,1362305,3,0.24701,0.06903,-0.32471,0.91040,0.51562,0.76953,-0.73047,-0.61719,-0.05859,-0.38867,-0.62045,0.29014,0.43628
1,10742,3,0.24426,0.07019,-0.32605,0.91052,0.76172,0.78516,-0.56250,-0.68750,-0.03711,-0.45117,-0.62375,0.29122,0.42971
2,9766,3,0.24091,0.07159,-0.32782,0.91071,0.80859,0.81641,-0.50391,-0.77930,0.02148,-0.49219,-0.62803,0.29250,0.42160
3,10742,3,0.23737,0.07336,-0.32965,0.91083,0.85938,0.78125,-0.45703,-0.87695,0.11523,-0.51953,-0.63243,0.29437,0.41293
4,9766,3,0.23352,0.07568,-0.33148,0.91095,0.89062,0.78125,-0.44922,-1.01367,0.23828,-0.52148,-0.63682,0.29706,0.40332
5,9765,3,0.22931,0.07867,-0.33325,0.91113,0.76953,0.57812,-0.62500,-1.14062,0.36719,-0.49023,-0.64105,0.30072,0.39261
6,10742,3,0.22473,0.08246,-0.33472,0.91144,0.69531,0.53516,-0.88672,-1.20898,0.50586,-0.42578,-0.64459,0.30547,0.38078
7,8789,3,0.21985,0.08698,-0.33575,0.91180,0.51953,0.48828,-1.02734,-1.24023,0.61328,-0.35742,-0.64726,0.31123,0.36805
8,10743,3,0.21515,0.09192,-0.33630,0.91223,0.19922,0.26172,-1.65625,-1.25000,0.61719,-0.30273,-0.64884,0.31773,0.35557
9,9765,3,0.21021,0.09735,-0.33655,0.91272,0.03125,0.27344,-1.98438,-1.24219,0.51562,-0.29297,-0.64987,0.32489,0.34241
10,10742,3,0.20538,0.10229,-0.33661,0.91327,-0.05859,0.31250,-2.23828,-1.20703,0.33203,-0.34375,-0.65065,0.33113,0.32981
11,9766,3,0.20026,0.10669,-0.33691,0.91376,-0.16406,0.61328,-2.44531,-1.18945,0.08789,-0.44141,-0.65228,0.33623,0.31681
12,9766,3,0.19495,0.11005,-0.33777,0.91418,-0.21875,0.62500,-2.42969,-1.17773,-0.15234,-0.55859,-0.65538,0.33940,0.30383
13,10742,3,0.18921,0.11237,-0.33942,0.91455,-0.24219,0.43359,-2.11719,-1.15820,-0.32031,-0.60352,-0.66050,0.34050,0.29029
14,8789,3,0.18335,0.11383,-0.34149,0.91479,-0.25000,0.29297,-1.65625,-1.14453,-0.37109,-0.60547,-0.66673,0.33999,0.27687
15,10742,3,0.17706,0.11475,-0.34381,0.91504,-0.26562,-0.08984,-0.81641,-1.14258,-0.32422,-0.56055,-0.67370,0.33815,0.26286
16,9766,3,0.17072,0.11572,-0.34613,0.91522,-0.32812,-0.19531,-0.61719,-1.13867,-0.26172,-0.49219,-0.68070,0.33632,0.24873
17,9765,3,0.16467,0.11682,-0.34802,0.91547,-0.29688,-0.30859,-0.53906,-1.14648,-0.21680,-0.42969,-0.68664,0.33474,0.23531
18,10743,3,0.15869,0.11810,-0.34955,0.91577,-0.31250,-0.39062,-0.45703,-1.15039,-0.20703,-0.38281,-0.69175,0.33341,0.22204
19,9765,3,0.15277,0.11951,-0.35083,0.91614,-0.39453,-0.53125,-0.40234,-1.15430,-0.22266,-0.34570,-0.69628,0.33224,0.20892
20,9766,3,0.14691,0.12079,-0.35187,0.91650,-0.40234,-0.49219,-0.39062,-1.12891,-0.27148,-0.33398,-0.70030,0.33081,0.19611
21,9765,3,0.14111,0.12195,-0.35278,0.91693,-0.34375,-0.49609,-0.34375,-1.07812,-0.34570,-0.34766,-0.70401,0.32911,0.18356
22,10743,3,0.13525,0.12274,-0.35382,0.91730,-0.25000,-0.60938,-0.25391,-1.03516,-0.41406,-0.35938,-0.70800,0.32668,0.17112
23,9765,3,0.12958,0.12311,-0.35492,0.91766,-0.24609,-0.59375,-0.23828,-1.02148,-0.44531,-0.34766,-0.71203,0.32353,0.15933
24,9766,3,0.12384,0.12323,-0.35608,0.91797,-0.32031,-0.52344,-0.26953,-1.02734,-0.45898,-0.31836,-0.71621,0.31987,0.14760
25,9766,3,0.11804,0.12317,-0.35718,0.91833,-0.35156,-0.44922,-0.37500,-1.04492,-0.45703,-0.28711,-0.72020,0.31576,0.13593
26,10742,3,0.11261,0.12311,-0.35803,0.91870,-0.27734,-0.54688,-0.58203,-1.09375,-0.45312,-0.22852,-0.72353,0.31185,0.12510
27,9765,3,0.10651,0.12305,-0.35876,0.91913,-0.31641,-0.66016,-0.68359,-1.14062,-0.43164,-0.14453,-0.72676,0.30744,0.11303
28,9766,3,0.10040,0.12317,-0.35907,0.91968,-0.40234,-0.62891,-0.86719,-1.19922,-0.44531,-0.07227,-0.72901,0.30329,0.10100
29,10742,3,0.09418,0.12329,-0.35895,0.92035,-0.44141,-0.78516,-1.00000,-1.24219,-0.49219,-0.00195,-0.73033,0.29900,0.08890
30,9766,3,0.08789,0.12335,-0.35852,0.92114,-0.32812,-0.68359,-1.17578,-1.17578,-0.55078,0.03711,-0.73094,0.29452,0.07685
31,9765,3,0.08136,0.12311,-0.35779,0.92206,-0.26562,-0.22266,-1.46875,-1.15820,-0.65820,0.04297,-0.73087,0.28927,0.06468
32,9766,3,0.07477,0.12238,-0.35699,0.92303,-0.27344,0.26953,-1.86719,-1.21094,-0.83789,-0.02539,-0.73056,0.28306,0.05278
33,9766,3,0.06818,0.12109,-0.35645,0.92395,0.00000,0.80078,-2.31250,-1.27148,-1.03125,-0.13867,-0.73066,0.27584,0.04122
34,10742,3,0.06042,0.11890,-0.35626,0.92480,-0.01562,0.96484,-2.26562,-1.34180,-1.19531,-0.24609,-0.73166,0.26610,0.02804
35,9765,3,0.05225,0.11615,-0.35663,0.92554,0.10938,1.05859,-2.05859,-1.40430,-1.33789,-0.35352,-0.73374,0.25502,0.01433
36,9766,3,0.04358,0.11285,-0.35748,0.92603,0.14844,1.03906,-1.74609,-1.51172,-1.44531,-0.45312,-0.73683,0.24255,0.00002
37,9766,3,0.03400,0.10901,-0.35876,0.92639,0.46484,0.26562,-0.65625,-1.58398,-1.48828,-0.51367,-0.74076,0.22835,-0.01564
38,10742,3,0.02393,0.10510,-0.36035,0.92657,0.44141,-0.16016,0.00000,-1.58203,-1.41211,-0.49609,-0.74526,0.21363,-0.03215
39,9766,3,0.01379,0.10132,-0.36194,0.92657,0.34375,-0.60938,0.62891,-1.58789,-1.27148,-0.41797,-0.74966,0.19906,-0.04876
40,9765,3,0.00391,0.09802,-0.36328,0.92651,0.48047,-1.33203,1.30859,-1.59570,-1.10352,-0.31055,-0.75341,0.18553,-0.06514
41,10742,3,-0.00604,0.09534,-0.36414,0.92645,0.28125,-1.35938,1.44922,-1.56836,-0.92188,-0.21680,-0.75610,0.17311,-0.08194
42,9766,3,-0.01532,0.09351,-0.36444,0.92639,0.07812,-1.12891,1.41016,-1.54492,-0.82227,-0.17773,-0.75761,0.16280,-0.09799
43,10742,3,-0.02423,0.09229,-0.36450,0.92627,0.10938,-0.89453,1.10938,-1.54688,-0.82227,-0.20508,-0.75859,0.15391,-0.11376
44,8789,3,-0.03253,0.09131,-0.36456,0.92615,0.10547,-0.64062,0.61328,-1.56641,-0.86719,-0.25586,-0.75942,0.14592,-0.12854
45,10742,3,-0.04163,0.09015,-0.36469,0.92584,0.01953,-0.48438,0.62109,-1.63867,-0.91992,-0.30078,-0.76041,0.13699,-0.14468
46,9766,3,-0.05090,0.08887,-0.36505,0.92535,0.07812,-0.55859,0.33594,-1.76758,-0.95508,-0.33984,-0.76183,0.12764,-0.16109
47,9766,3,-0.06073,0.08752,-0.36548,0.92474,0.21484,-0.57812,-0.03906,-1.95117,-1.00195,-0.37500,-0.76331,0.11775,-0.17846
48,9765,3,-0.07117,0.08630,-0.36591,0.92389,0.23047,-0.28125,-0.35938,-2.18359,-1.06445,-0.44531,-0.76484,0.10760,-0.19707
49,10742,3,-0.08276,0.08514,-0.36646,0.92279,0.32031,0.07422,-0.67188,-2.37109,-1.12695,-0.56641,-0.76661,0.09664,-0.21789
50,9766,3,-0.09552,0.08405,-0.36731,0.92133,0.39453,0.48438,-0.96875,-2.54883,-1.22266,-0.73828,-0.76900,0.08480,-0.24095
51,9766,3,-0.10962,0.08282,-0.36871,0.91931,0.83594,0.56641,-1.84375,-2.91797,-1.41602,-0.98828,-0.77245,0.07151,-0.26645
52,10742,3,-0.12457,0.08136,-0.37073,0.91675,1.23047,0.17188,-1.93359,-3.22461,-1.58008,-1.19531,-0.77698,0.05684,-0.29339
53,9766,3,-0.14185,0.07947,-0.37347,0.91327,1.36719,-0.11328,-1.65625,-3.43555,-1.64453,-1.28125,-0.78280,0.03921,-0.32435
54,9765,3,-0.16052,0.07745,-0.37659,0.90906,1.10156,-1.29297,-1.74609,-3.70117,-1.62500,-1.21289,-0.78908,0.01992,-0.35785
55,10742,3,-0.18048,0.07568,-0.37952,0.90424,0.82812,-1.57812,-1.66016,-3.95898,-1.49023,-1.02344,-0.79474,-0.00012,-0.39396
56,9766,3,-0.20007,0.07495,-0.38153,0.89929,0.35156,-1.59766,-1.90234,-4.25000,-1.44727,-0.85352,-0.79858,-0.01786,-0.43029
57,8789,3,-0.22229,0.07526,-0.38275,0.89355,0.14062,-2.14844,-1.97656,-4.40039,-1.42773,-0.65039,-0.80081,-0.03568,-0.47254
58,10742,3,-0.24426,0.07623,-0.38281,0.88770,0.51953,-2.54688,-1.70312,-4.44336,-1.37891,-0.50195,-0.80067,-0.05169,-0.51516
59,9766,3,-0.26703,0.07782,-0.38190,0.88135,0.56250,-2.17188,-1.46875,-4.58984,-1.27539,-0.45898,-0.79855,-0.06683,-0.56016
60,10742,3,-0.28998,0.08002,-0.38043,0.87451,0.77734,-1.57422,-0.94141,-4.57812,-1.08008,-0.50977,-0.79538,-0.08077,-0.60641
61,10742,3,-0.31250,0.08289,-0.37903,0.86707,1.03516,-1.02344,-0.51562,-4.42383,-0.95898,-0.68555,-0.79262,-0.09329,-0.65278
62,8789,3,-0.33307,0.08594,-0.37823,0.85944,1.22266,-1.46875,-0.13672,-4.20703,-0.91797,-0.83008,-0.79127,-0.10443,-0.69580
63,10742,3,-0.33307,0.08594,-0.37823,0.85944,1.48828,-1.76953,0.35156,-3.87109,-0.88086,-0.89062,-0.79127,-0.10443,-0.69580
64,8790,3,-0.37366,0.09131,-0.37842,0.84192,1.21875,-1.94922,0.75781,-3.51758,-0.96289,-0.93945,-0.79147,-0.12941,-0.78127
65,10742,3,-0.39056,0.09271,-0.37891,0.83386,1.13281,-3.62891,1.42969,-3.11523,-1.10938,-0.88867,-0.79156,-0.14183,-0.81672
66,9765,3,-0.40753,0.09296,-0.37927,0.82550,0.50000,-3.68750,2.26953,-2.47266,-1.12500,-0.76172,-0.79034,-0.15629,-0.85185
67,9766,3,-0.42133,0.09210,-0.37927,0.81866,0.10156,-3.60938,2.91016,-1.84961,-1.05469,-0.58398,-0.78770,-0.16960,-0.87998
68,10742,3,-0.43213,0.09045,-0.37891,0.81335,-0.16406,-3.67578,3.05078,-1.44922,-1.01172,-0.47070,-0.78397,-0.18132,-0.90161
69,9766,3,-0.44122,0.08826,-0.37817,0.80902,0.38672,-3.19922,2.69922,-1.19727,-1.00000,-0.47852,-0.77920,-0.19209,-0.91950
70,10742,3,-0.44873,0.08575,-0.37744,0.80548,0.43750,-3.13672,2.58594,-1.02344,-0.97852,-0.50586,-0.77433,-0.20197,-0.93397
71,9766,3,-0.45520,0.08289,-0.37695,0.80237,0.23047,-3.19531,2.50391,-0.86719,-0.95117,-0.43555,-0.76972,-0.21175,-0.94605
72,9765,3,-0.46094,0.07990,-0.37646,0.79962,-0.09375,-3.37891,2.39844,-0.70312,-0.90820,-0.28320,-0.76508,-0.22109,-0.95658
73,9766,3,-0.46600,0.07690,-0.37567,0.79736,-0.21094,-3.41406,2.41016,-0.56055,-0.87109,-0.10352,-0.75988,-0.22950,-0.96580
74,10742,3,-0.47021,0.07422,-0.37433,0.79578,-0.11719,-3.69141,2.55469,-0.41406,-0.74414,0.14453,-0.75400,-0.23610,-0.97354
75,9766,3,-0.47363,0.07214,-0.37244,0.79486,-0.00391,-4.15625,3.19531,-0.03320,-0.37500,0.54688,-0.74767,-0.24041,-0.98006
76,9765,3,-0.47540,0.07129,-0.36987,0.79504,0.25391,-4.67188,4.90234,0.62500,0.23438,1.05273,-0.74148,-0.24064,-0.98391
77,9766,3,-0.47400,0.07251,-0.36688,0.79718,0.43359,-4.70703,5.30078,1.31055,0.95898,1.61133,-0.73694,-0.23433,-0.98204
78,10742,3,-0.46857,0.07642,-0.36359,0.80151,0.75781,-4.68750,5.32031,1.88477,1.64453,2.13672,-0.73502,-0.22000,-0.97305
79,9766,3,-0.45886,0.08337,-0.35992,0.80804,1.05859,-4.72656,5.08984,2.34180,2.19922,2.55273,-0.73576,-0.19684,-0.95684
80,9765,3,-0.44586,0.09277,-0.35596,0.81604,1.42578,-4.57422,4.77734,2.60742,2.59570,2.77930,-0.73825,-0.16677,-0.93546
81,9766,3,-0.43005,0.10425,-0.35175,0.82489,1.76953,-4.48438,4.32031,2.85547,2.72461,2.85547,-0.74200,-0.13093,-0.91016
82,10742,3,-0.41229,0.11676,-0.34741,0.83405,2.33594,-4.14844,3.69531,4.24023,1.89258,2.96289,-0.74598,-0.09184,-0.88224
83,12695,3,-0.39111,0.12653,-0.34216,0.84497,3.16406,-3.67188,1.18750,2.91016,1.32812,2.39648,-0.74527,-0.05385,-0.84596
84,6836,3,-0.37268,0.13220,-0.33685,0.85449,2.71484,-3.14453,3.88672,2.66992,1.36133,2.03320,-0.74019,-0.02515,-0.81278
85,9766,3,-0.35681,0.13751,-0.33197,0.86230,2.99609,-4.44531,4.06641,3.18359,1.59961,1.80664,-0.73509,0.00025,-0.78477
