lineno,time,accurate,i,j,k,r,aX,aY,aZ,gX,gY,gZ,rx,ry,rz
0,1002930,3,-0.13770,0.16376,-0.76599,0.60620,0.23438,0.73047,1.26562,-0.83203,-0.04883,-0.32422,-1.79993,-0.01241,-0.43108
1,9766,3,-0.14044,0.16638,-0.76624,0.60455,0.44922,1.02734,1.44922,-1.04883,-0.06836,-0.47266,-1.80248,-0.01405,-0.43877
2,9765,3,-0.14386,0.16956,-0.76660,0.60242,0.69531,1.38281,1.83594,-1.32422,-0.06055,-0.72852,-1.80580,-0.01628,-0.44819
3,10743,3,-0.14813,0.17346,-0.76733,0.59930,1.35156,1.98438,2.50391,-1.57227,-0.03516,-1.07812,-1.81092,-0.01942,-0.45988
4,9765,3,-0.15350,0.17822,-0.76874,0.59473,1.42188,1.57812,2.94922,-1.70898,-0.05273,-1.40234,-1.81887,-0.02402,-0.47432
5,9766,3,-0.15967,0.18347,-0.77094,0.58868,1.16797,0.94531,3.28516,-1.73242,-0.08984,-1.58398,-1.82975,-0.03018,-0.49050
6,10742,3,-0.16644,0.18872,-0.77362,0.58148,0.62891,0.05859,3.74609,-1.61914,-0.10352,-1.65625,-1.84263,-0.03806,-0.50745
7,9766,3,-0.17322,0.19360,-0.77667,0.57385,0.00781,-2.05859,5.05859,-1.30078,-0.08008,-1.60156,-1.85636,-0.04688,-0.52369
8,9765,3,-0.17932,0.19757,-0.77979,0.56641,-0.65234,-3.43750,6.09375,-0.77148,0.16016,-1.08398,-1.86980,-0.05588,-0.53754
9,9766,3,-0.18347,0.20050,-0.78259,0.56006,-1.48047,-5.19531,7.47656,0.04883,0.67773,-0.29297,-1.88171,-0.06263,-0.54727
10,10742,3,-0.18353,0.20239,-0.78442,0.55676,-2.02734,-6.32422,8.37109,1.03516,1.26758,0.42969,-1.88940,-0.06261,-0.55030
11,9766,3,-0.17792,0.20306,-0.78571,0.55658,-1.66406,-5.98047,8.14062,2.26758,1.82031,1.00781,-1.89398,-0.05356,-0.54438
12,9765,3,-0.16644,0.20148,-0.78674,0.55927,-1.00391,-5.16016,7.01172,3.63672,2.31250,1.36719,-1.89576,-0.03654,-0.52766
13,9766,3,-0.14880,0.19659,-0.78796,0.56421,-0.37500,-4.49219,5.55469,4.94727,2.81055,1.52930,-1.89556,-0.01266,-0.49811
14,10742,3,-0.12598,0.18823,-0.78967,0.57019,-1.05469,-3.83203,3.20703,5.87695,3.12500,1.50781,-1.89449,0.01570,-0.45671
15,9766,3,-0.09644,0.17578,-0.79199,0.57672,-1.54297,-4.22656,1.02734,6.05859,3.19141,1.46875,-1.89296,0.05002,-0.40078
16,9765,3,-0.06506,0.16174,-0.79401,0.58240,-1.73047,-4.91016,-1.39062,5.58398,3.15234,1.55664,-1.89053,0.08518,-0.34037
17,12696,3,-0.03387,0.14807,-0.79486,0.58746,-2.28906,-5.36719,-4.53516,4.72852,3.31445,1.95117,-1.88569,0.12041,-0.28088
18,7812,3,-0.00598,0.13788,-0.79376,0.59241,-1.83984,-5.39844,-5.46484,3.65039,3.48047,2.42773,-1.87723,0.15447,-0.23073
19,9766,3,0.02179,0.13123,-0.78986,0.59869,-1.53906,-4.77344,-6.98828,2.57422,3.24805,2.73242,-1.86242,0.19274,-0.18569
20,9765,3,0.04681,0.12860,-0.78333,0.60632,-1.26562,-3.76172,-8.69922,1.49219,2.88672,2.96289,-1.84155,0.23136,-0.14922
21,9766,3,0.06628,0.12921,-0.77533,0.61469,-1.71094,-2.33203,-10.25781,0.48242,2.47266,3.16797,-1.81737,0.26470,-0.12347
22,10742,3,0.08215,0.13269,-0.76514,0.62463,-1.74219,-1.40234,-11.14844,-0.18164,1.83789,3.24609,-1.78799,0.29579,-0.10518
23,9766,3,0.09302,0.13751,-0.75415,0.63538,-1.92969,-0.36719,-11.96484,-0.59375,1.06641,3.16602,-1.75656,0.32050,-0.09413
24,9766,3,0.09949,0.14215,-0.74280,0.64661,-1.83594,0.26562,-12.25391,-0.93750,0.31250,2.96680,-1.72400,0.33805,-0.08759
25,12695,3,0.10175,0.14569,-0.73187,0.65784,-0.96484,0.38672,-12.41406,-1.49609,-0.43164,2.75977,-1.69210,0.34758,-0.08454
26,7812,3,0.09973,0.14832,-0.72205,0.66840,-0.53125,0.05078,-12.36328,-2.23047,-1.08398,2.67969,-1.66314,0.34933,-0.08616
27,9766,3,0.09277,0.15112,-0.71185,0.67957,0.00000,-0.19922,-11.79688,-2.58398,-1.77148,2.51953,-1.63368,0.34424,-0.09476
28,9766,3,0.08130,0.15369,-0.70160,0.69104,1.20703,-0.17578,-11.12109,-2.87305,-2.34961,2.25195,-1.60436,0.33258,-0.10950
29,10742,3,0.06592,0.15515,-0.69159,0.70233,1.48828,-0.57031,-10.69141,-3.33594,-2.72461,2.06445,-1.57579,0.31426,-0.12865
30,9765,3,0.04767,0.15631,-0.68213,0.71277,1.81250,-0.60156,-10.60938,-3.92383,-3.07422,1.86914,-1.54931,0.29198,-0.15230
31,12696,3,0.02637,0.15784,-0.67273,0.72235,2.00000,-0.23047,-10.65625,-4.33594,-3.65234,1.39844,-1.52412,0.26666,-0.18166
32,6836,3,0.00262,0.15924,-0.66418,0.73041,4.64453,1.09375,-10.15625,-3.80859,-4.96484,0.30859,-1.50179,0.23836,-0.21540
33,10742,3,0.00262,0.15924,-0.66418,0.73041,6.20703,2.49609,-8.34766,-3.20898,-5.46680,-0.12695,-1.50179,0.23836,-0.21540
34,9765,3,-0.05750,0.14880,-0.65326,0.74017,6.00000,2.53906,-7.19141,-3.11914,-5.63281,-0.53320,-1.46725,0.14567,-0.28640
35,9766,3,-0.08710,0.13867,-0.65021,0.74188,8.65625,2.63672,-8.03516,-3.22461,-6.22656,-1.30273,-1.45405,0.09263,-0.31614
36,10742,3,-0.11926,0.12628,-0.64844,0.74121,9.50781,3.17969,-7.42578,-3.12109,-6.52539,-2.10742,-1.44319,0.03254,-0.34770
37,9766,3,-0.15271,0.11188,-0.64850,0.73730,9.82031,3.78516,-6.19922,-2.76562,-6.46680,-2.57617,-1.43645,-0.03309,-0.37954
38,9766,3,-0.18561,0.09570,-0.65002,0.73065,8.91016,3.72656,-5.73047,-2.59961,-6.41602,-2.66797,-1.43304,-0.10162,-0.40901
39,12695,3,-0.18561,0.09570,-0.65002,0.73065,8.44531,1.75391,-5.51953,-2.43164,-6.40430,-2.61719,-1.43304,-0.10162,-0.40901
40,6836,3,-0.24731,0.06122,-0.65302,0.71320,9.87109,2.06641,-5.10938,-2.63672,-6.24609,-2.58594,-1.42661,-0.23792,-0.46147
41,10742,3,-0.27759,0.04370,-0.65326,0.70306,12.36328,1.70703,-4.39844,-3.63477,-5.96094,-2.75195,-1.42059,-0.30597,-0.48839
42,9766,3,-0.31024,0.02820,-0.65302,0.69031,16.31250,-0.72656,-1.38672,-4.66992,-5.38672,-2.82812,-1.41373,-0.37498,-0.52347
43,9765,3,-0.34357,0.01776,-0.65277,0.67493,15.08203,-1.54297,2.37500,-5.07422,-4.15820,-2.68555,-1.40756,-0.43849,-0.56787
44,10742,3,-0.37567,0.01288,-0.65295,0.65753,13.32031,-2.61719,6.17578,-5.03125,-3.24805,-2.30469,-1.40314,-0.49344,-0.61879
45,11719,3,-0.40436,0.01251,-0.65350,0.63971,12.62891,-3.43359,8.30859,-4.38867,-1.77539,-1.61523,-1.40051,-0.53811,-0.67073
46,7813,3,-0.40436,0.01251,-0.65350,0.63971,10.33984,-3.88672,13.46484,-3.66797,-0.42188,-0.98438,-1.40051,-0.53811,-0.67073
47,9765,3,-0.44312,0.02301,-0.65540,0.61121,9.97266,-3.44922,12.08203,-2.99805,0.33789,-0.70898,-1.40219,-0.58561,-0.75620
48,10742,3,-0.45367,0.03210,-0.65741,0.60077,9.75391,-2.48828,11.44141,-2.26367,0.92383,-0.72461,-1.40919,-0.59191,-0.78630
49,9766,3,-0.45959,0.04108,-0.66052,0.59222,9.59375,-2.03516,10.83984,-1.69336,1.28125,-0.93945,-1.42076,-0.59261,-0.80631
50,9766,3,-0.46198,0.04901,-0.66510,0.58466,9.44141,-1.62500,9.32422,-1.16992,1.55078,-1.24609,-1.43735,-0.59102,-0.81694
51,10742,3,-0.46173,0.05542,-0.67114,0.57733,9.06641,-1.91797,9.25391,-0.61914,1.91406,-1.55469,-1.45869,-0.58930,-0.81947
52,8789,3,-0.45886,0.06018,-0.67883,0.57007,8.69141,-2.44531,9.17188,-0.14453,2.39258,-1.82227,-1.48526,-0.58762,-0.81366
53,12695,3,-0.45337,0.06360,-0.68805,0.56305,7.08984,-3.89453,8.24219,0.09961,2.78516,-1.91797,-1.51666,-0.58506,-0.79999
54,7813,3,-0.44501,0.06671,-0.69916,0.55560,5.67188,-4.84766,7.71875,0.39258,3.17969,-1.84570,-1.55471,-0.58013,-0.77926
55,10742,3,-0.43427,0.07001,-0.71118,0.54840,4.31641,-5.61719,7.57031,0.76953,3.57031,-1.62695,-1.59618,-0.57150,-0.75416
56,9766,3,-0.42078,0.07355,-0.72375,0.54199,3.11719,-6.40234,7.38672,1.09375,3.90234,-1.28906,-1.63971,-0.55781,-0.72491
57,9765,3,-0.40527,0.07721,-0.73566,0.53723,1.01172,-7.14453,6.10547,1.35742,4.15234,-0.91797,-1.68088,-0.53905,-0.69419
58,10742,3,-0.38733,0.08130,-0.74719,0.53394,0.41016,-7.13281,4.83594,1.52148,4.20508,-0.54688,-1.72044,-0.51438,-0.66192
59,11719,3,-0.36816,0.08557,-0.75757,0.53217,0.00391,-7.04297,3.24219,1.56445,4.05859,-0.28516,-1.75558,-0.48562,-0.63067
60,7813,3,-0.34912,0.08978,-0.76648,0.53156,-0.92578,-5.90625,0.71875,1.59180,3.83984,-0.15430,-1.78523,-0.45531,-0.60226
61,9765,3,-0.32892,0.09393,-0.77484,0.53162,-1.32031,-5.61719,0.07812,1.62109,3.71484,0.01953,-1.81258,-0.42228,-0.57398
62,10742,3,-0.31000,0.09760,-0.78180,0.53217,-1.68750,-5.62500,0.07031,1.76953,3.74805,0.26562,-1.83496,-0.39069,-0.54901
63,9766,3,-0.29071,0.10107,-0.78784,0.53345,-1.81250,-5.63672,0.39062,2.06445,3.85547,0.50000,-1.85411,-0.35782,-0.52495
64,9766,3,-0.27045,0.10419,-0.79315,0.53571,-2.29688,-5.89062,0.73828,2.40039,3.94141,0.75586,-1.87031,-0.32295,-0.50043
65,12695,3,-0.24847,0.10657,-0.79773,0.53906,-2.32031,-5.98828,0.24219,2.72656,4.00586,0.98633,-1.88371,-0.28538,-0.47388
66,7813,3,-0.22632,0.10797,-0.80127,0.54327,-2.19141,-5.85938,-0.26562,3.01562,4.04492,1.21680,-1.89336,-0.24788,-0.44684
67,9765,3,-0.20172,0.10858,-0.80408,0.54858,-1.80078,-5.13672,-1.32812,3.28516,4.03320,1.36328,-1.90032,-0.20674,-0.41651
68,9766,3,-0.17493,0.10822,-0.80615,0.55481,-1.29688,-4.70703,-2.15234,3.48633,4.00195,1.45117,-1.90445,-0.16267,-0.38279
69,9765,3,-0.14844,0.10693,-0.80725,0.56110,-0.79688,-4.30469,-2.92188,3.59961,3.93555,1.48047,-1.90562,-0.11995,-0.34872
70,10743,3,-0.12164,0.10474,-0.80768,0.56732,-0.42188,-3.97266,-3.76953,3.58594,3.75195,1.42773,-1.90463,-0.07774,-0.31325
71,9765,3,-0.09424,0.10187,-0.80743,0.57336,0.08594,-3.32422,-4.74219,3.50000,3.56641,1.36133,-1.90172,-0.03538,-0.27625
72,9766,3,-0.06934,0.09875,-0.80670,0.57849,0.30859,-3.61328,-4.57812,3.37109,3.45508,1.37695,-1.89765,0.00239,-0.24191
73,12695,3,-0.06934,0.09875,-0.80670,0.57849,0.57422,-3.60156,-4.34766,3.39844,3.37305,1.41211,-1.89765,0.00239,-0.24191
74,7813,3,-0.02112,0.09222,-0.80353,0.58765,1.07031,-3.27344,-4.35547,3.44922,3.26953,1.34375,-1.88522,0.07453,-0.17440
75,9765,3,0.00415,0.08813,-0.80103,0.59204,1.04688,-2.14453,-5.41406,3.26758,3.01758,1.19922,-1.87628,0.11124,-0.13757
76,9766,3,0.02710,0.08392,-0.79846,0.59552,0.95312,-1.64844,-6.49609,2.93750,2.61914,1.01758,-1.86735,0.14373,-0.10299
77,12695,3,0.02710,0.08392,-0.79846,0.59552,0.73828,-0.97266,-7.52344,2.55273,2.08594,0.83594,-1.86735,0.14373,-0.10299
78,6836,3,0.06549,0.07574,-0.79358,0.60016,-0.20703,0.40234,-9.06250,2.07617,1.51562,0.69922,-1.85077,0.19612,-0.04244
79,10742,3,0.08014,0.07166,-0.79144,0.60168,-0.48828,0.78125,-9.19141,1.65430,0.98047,0.61523,-1.84342,0.21473,-0.01739
80,10743,3,0.09119,0.06763,-0.78955,0.60309,-0.55469,1.18359,-9.28125,1.21875,0.50781,0.50781,-1.83662,0.22752,0.00328
81,8789,3,0.09119,0.06763,-0.78955,0.60309,-0.48438,1.41797,-9.21875,0.82617,0.08398,0.41016,-1.83662,0.22752,0.00328
82,10742,3,0.10297,0.06061,-0.78674,0.60559,-0.49219,2.16016,-8.98438,0.48242,-0.28320,0.35547,-1.82595,0.23766,0.03020
83,9765,3,0.10468,0.05750,-0.78583,0.60681,-0.35156,2.27344,-9.09766,0.11133,-0.69141,0.26172,-1.82200,0.23649,0.03773
84,9766,3,0.10376,0.05469,-0.78522,0.60797,-0.43750,2.47266,-9.48047,-0.44727,-1.22070,0.11914,-1.81907,0.23152,0.04140
85,9766,3,0.09973,0.05243,-0.78510,0.60901,-0.71484,2.82422,-9.91797,-1.06836,-1.72461,0.04492,-1.81760,0.22229,0.04015
86,10742,3,0.09119,0.05078,-0.78534,0.61017,-0.75781,2.94141,-9.80469,-1.65625,-2.13086,-0.00586,-1.81720,0.20667,0.03221
87,9765,3,0.07947,0.05023,-0.78577,0.61133,-0.59766,3.04297,-9.86719,-2.27734,-2.57422,-0.08594,-1.81748,0.18740,0.01855
88,9766,3,0.06415,0.05078,-0.78625,0.61243,-0.33594,3.11328,-10.41016,-3.05859,-3.05469,-0.21484,-1.81819,0.16381,-0.00130
89,12695,3,0.04498,0.05267,-0.78680,0.61328,0.15625,2.54688,-11.27734,-3.89648,-3.54492,-0.31641,-1.81932,0.13581,-0.02797
90,7813,3,0.02197,0.05621,-0.78723,0.61371,0.18750,2.19141,-11.67578,-4.58984,-4.02539,-0.37695,-1.82048,0.10378,-0.06191
91,9766,3,-0.00616,0.06134,-0.78717,0.61365,0.03516,2.23047,-11.58203,-5.08398,-4.43164,-0.41992,-1.82072,0.06562,-0.10455
92,9765,3,-0.03827,0.06744,-0.78638,0.61292,1.06250,1.48828,-10.83984,-5.44727,-4.68945,-0.46094,-1.81920,0.02249,-0.15362
93,10742,3,-0.07343,0.07422,-0.78448,0.61127,1.20703,1.26172,-10.00000,-5.71484,-4.81836,-0.44336,-1.81519,-0.02447,-0.20777
94,9766,3,-0.10901,0.08130,-0.78156,0.60883,1.39844,0.60547,-9.10156,-5.94141,-4.67969,-0.26758,-1.80852,-0.07146,-0.26352
95,12695,3,-0.14575,0.08948,-0.77710,0.60571,1.16406,-0.61719,-7.58203,-6.09766,-4.26758,0.13281,-1.79808,-0.11841,-0.32346
96,6836,3,-0.17957,0.09869,-0.77112,0.60284,1.38672,-3.03516,-5.24609,-6.18750,-3.98828,0.55664,-1.78375,-0.15860,-0.38265
97,10742,3,-0.21393,0.11029,-0.76276,0.60028,1.64062,-2.86328,-5.21875,-6.54688,-4.01172,0.78320,-1.76347,-0.19516,-0.44813
98,9766,3,-0.24915,0.12366,-0.75195,0.59772,2.16406,-2.17188,-5.46875,-6.91016,-4.09766,0.79492,-1.73726,-0.22885,-0.51982
99,9766,3,-0.28418,0.13788,-0.73962,0.59430,4.44141,-0.60547,-5.28516,-7.08203,-4.02539,0.64453,-1.70790,-0.25939,-0.59496
100,10742,3,-0.31909,0.15253,-0.72632,0.58942,4.90234,-0.70703,-4.61719,-7.24414,-3.94141,0.33789,-1.67692,-0.28766,-0.67297
101,9765,3,-0.35400,0.16742,-0.71240,0.58228,5.07422,-1.60938,-3.50781,-7.08203,-3.61523,0.17773,-1.64573,-0.31461,-0.75385
102,9766,3,-0.38831,0.18243,-0.69818,0.57312,5.11719,-3.43359,-1.32031,-6.45703,-2.96094,0.28320,-1.61482,-0.33960,-0.83640
103,12695,3,-0.41962,0.19739,-0.68402,0.56305,6.00781,-9.33984,5.35547,-5.33008,-2.12109,0.73633,-1.58548,-0.35949,-0.91623
104,6836,3,-0.44214,0.21021,-0.67224,0.55536,6.00000,-11.64844,9.29688,-4.30664,-1.30664,0.98047,-1.56242,-0.36931,-0.97846
105,10743,3,-0.46033,0.22357,-0.66071,0.54919,5.79297,-12.30859,12.64453,-2.17383,-1.29102,0.50391,-1.54182,-0.37116,-1.03440
106,9765,3,-0.47333,0.23285,-0.65143,0.54535,9.73047,-12.35156,6.92969,-1.18750,-2.47461,0.80273,-1.52478,-0.37117,-1.07481
107,9766,3,-0.48315,0.23474,-0.64325,0.54559,6.33594,-12.06641,15.17578,-2.04297,-2.06055,0.81641,-1.50388,-0.37410,-1.09918
108,10742,3,-0.49390,0.23572,-0.63361,0.54688,4.78125,-10.82422,16.19141,-0.21875,-1.26953,1.05469,-1.47819,-0.37691,-1.12487
109,8789,3,-0.50116,0.23706,-0.62555,0.54895,5.56250,-10.89844,15.50391,1.52148,-0.32422,1.06641,-1.45770,-0.37549,-1.14379
