lineno,time,accurate,i,j,k,r,aX,aY,aZ,gX,gY,gZ,rx,ry,rz
0,4240234,3,0.01862,-0.00037,-0.80414,0.59412,0.32812,0.60547,-1.73828,-0.20898,0.11719,-0.04102,-1.86864,0.02951,0.02272
1,9766,3,0.01868,0.00073,-0.80420,0.59406,0.41406,0.77344,-2.05078,-0.31836,0.06055,-0.07031,-1.86882,0.03092,0.02102
2,10742,3,0.01825,0.00208,-0.80432,0.59393,0.35156,1.14062,-2.55078,-0.42773,-0.06836,-0.10742,-1.86919,0.03183,0.01835
3,8789,3,0.01709,0.00354,-0.80457,0.59363,0.35156,1.33594,-3.19922,-0.49609,-0.21484,-0.14258,-1.87004,0.03171,0.01460
4,10742,3,0.01526,0.00494,-0.80487,0.59326,0.52734,2.45312,-4.60938,-0.55664,-0.40820,-0.19141,-1.87106,0.03043,0.01015
5,9766,3,0.01233,0.00623,-0.80536,0.59265,0.67969,3.03516,-5.68359,-0.72070,-0.77930,-0.33594,-1.87272,0.02724,0.00459
6,10742,3,0.00806,0.00702,-0.80609,0.59167,1.07812,3.25391,-6.78516,-1.27344,-1.36523,-0.56055,-1.87524,0.02130,-0.00178
7,9765,3,0.00073,0.00793,-0.80737,0.59003,1.58984,2.93359,-7.62891,-2.36133,-2.00977,-0.86523,-1.87946,0.01055,-0.01195
8,12696,3,0.00073,0.00793,-0.80737,0.59003,2.75781,1.80078,-9.61328,-3.85547,-2.62500,-1.18750,-1.87946,0.01055,-0.01195
9,6836,3,-0.02954,0.01581,-0.81177,0.58307,2.91406,1.18750,-9.62891,-5.24414,-2.85938,-1.34180,-1.89494,-0.02953,-0.06017
10,9765,3,-0.05383,0.02606,-0.81433,0.57733,2.94141,0.50781,-8.38672,-6.17773,-2.70898,-1.28516,-1.90513,-0.05761,-0.10497
11,10743,3,-0.08209,0.04102,-0.81616,0.57043,3.37891,-1.12891,-5.98438,-6.67188,-2.43750,-1.21094,-1.91450,-0.08732,-0.16194
12,9765,3,-0.11237,0.06012,-0.81683,0.56262,3.48047,-1.37891,-5.28516,-6.86719,-2.16797,-1.14844,-1.92195,-0.11618,-0.22815
13,10742,3,-0.14087,0.08044,-0.81628,0.55438,3.38281,-1.64844,-4.32422,-6.91406,-1.86328,-1.13281,-1.92740,-0.14126,-0.29467
14,11719,3,-0.16888,0.10236,-0.81464,0.54529,3.76953,-1.74609,-3.60547,-6.91016,-1.61328,-1.28516,-1.93158,-0.16427,-0.36371
15,7813,3,-0.19409,0.12360,-0.81250,0.53564,4.42578,-2.75391,-2.22266,-6.59375,-1.64062,-1.60938,-1.93571,-0.18403,-0.42881
16,9765,3,-0.21979,0.14532,-0.81006,0.52386,4.59766,-3.00391,-0.61328,-5.74609,-1.90820,-2.11523,-1.94138,-0.20525,-0.49574
17,10742,3,-0.24542,0.16431,-0.80792,0.50995,4.39453,-2.90234,1.03125,-4.86523,-2.31836,-2.55078,-1.94901,-0.23103,-0.55845
18,9766,3,-0.26923,0.17737,-0.80646,0.49561,3.36719,-4.95703,4.54688,-3.91211,-2.67188,-2.96094,-1.95685,-0.26141,-0.60945
19,9766,3,-0.29248,0.18506,-0.80573,0.48065,3.05469,-6.23047,7.35156,-2.99805,-2.54688,-2.98438,-1.96466,-0.29780,-0.65108
20,9765,3,-0.31415,0.18829,-0.80554,0.46576,3.53906,-6.83984,10.04297,-1.86719,-1.95508,-2.91211,-1.97222,-0.33708,-0.68355
21,10742,3,-0.33167,0.18811,-0.80646,0.45197,3.96875,-6.95312,12.00391,-0.59766,-1.14062,-2.77148,-1.98120,-0.37352,-0.70477
22,12696,3,-0.34344,0.18481,-0.80908,0.43964,4.07031,-7.98047,13.77344,0.54297,-0.33398,-2.46094,-1.99393,-0.40416,-0.71247
23,6836,3,-0.34857,0.17914,-0.81335,0.42999,3.49219,-8.22656,13.26953,1.57227,0.54492,-2.06445,-2.00995,-0.42570,-0.70638
24,9765,3,-0.34790,0.17120,-0.81927,0.42242,3.09766,-8.31641,12.73828,2.31250,1.43555,-1.64062,-2.02990,-0.43942,-0.68769
25,10743,3,-0.34088,0.16162,-0.82703,0.41681,3.05859,-7.58594,10.62891,2.93750,2.21289,-1.29492,-2.05460,-0.44349,-0.65675
26,9765,3,-0.32904,0.15216,-0.83527,0.41345,2.88672,-7.13672,9.76172,3.56445,2.87500,-1.04102,-2.08008,-0.43768,-0.61999
27,9766,3,-0.31244,0.14191,-0.84430,0.41162,2.70312,-6.92578,9.02734,4.12500,3.33398,-0.83008,-2.10716,-0.42327,-0.57628
28,12695,3,-0.29175,0.13049,-0.85370,0.41107,2.50781,-6.67969,8.03125,4.64062,3.72852,-0.63281,-2.13444,-0.40158,-0.52671
29,7813,3,-0.26917,0.11853,-0.86255,0.41174,1.86328,-5.66016,6.94531,5.10742,4.02539,-0.45508,-2.15879,-0.37548,-0.47578
30,9765,3,-0.24243,0.10468,-0.87146,0.41339,1.73828,-5.16406,5.89062,5.44336,4.21875,-0.27734,-2.18226,-0.34264,-0.41860
31,10742,3,-0.21246,0.08911,-0.87982,0.41565,1.58984,-4.80469,5.04688,5.62891,4.42383,-0.16211,-2.20354,-0.30449,-0.35706
32,8789,3,-0.18188,0.07343,-0.88690,0.41821,1.50391,-4.65625,4.22266,5.65820,4.63867,-0.03906,-2.22060,-0.26429,-0.29688
33,10743,3,-0.14984,0.05768,-0.89276,0.42090,1.30859,-4.21875,1.85156,5.57812,4.85547,0.11523,-2.23409,-0.22079,-0.23705
34,9765,3,-0.11639,0.04248,-0.89734,0.42358,1.45312,-4.44531,0.52734,5.50391,5.02148,0.24219,-2.24394,-0.17378,-0.17846
35,9766,3,-0.08228,0.02808,-0.90045,0.42621,1.44141,-4.70703,-0.70703,5.27734,5.04688,0.29883,-2.24981,-0.12456,-0.12194
36,12695,3,-0.04980,0.01532,-0.90204,0.42853,0.41406,-4.58594,-3.30078,4.92188,4.93164,0.35352,-2.25188,-0.07680,-0.07059
37,7813,3,-0.01611,0.00299,-0.90240,0.43060,0.06250,-4.47266,-4.38672,4.59961,4.75391,0.43750,-2.25090,-0.02651,-0.01928
38,9765,3,0.01770,-0.00861,-0.90143,0.43250,-0.27734,-4.28516,-5.23828,4.32422,4.55273,0.54883,-2.24652,0.02447,0.03084
39,9766,3,0.04828,-0.01874,-0.89929,0.43433,-0.42969,-3.99609,-5.97266,4.03906,4.08594,0.60547,-2.23906,0.07061,0.07590
40,12695,3,0.07672,-0.02832,-0.89618,0.43610,-1.47266,-2.38672,-8.35547,3.69922,3.37109,0.59375,-2.22910,0.11305,0.11871
41,7813,3,0.10052,-0.03729,-0.89276,0.43762,-1.63281,-1.86328,-8.91406,3.23438,2.61523,0.55469,-2.21845,0.14738,0.15690
42,9765,3,0.12152,-0.04663,-0.88910,0.43890,-1.66016,-1.40234,-9.12500,2.77930,1.91602,0.52539,-2.20733,0.17605,0.19376
43,9766,3,0.13818,-0.05542,-0.88562,0.43994,-1.80078,-0.82031,-8.13672,2.41406,1.28711,0.51953,-2.19703,0.19726,0.22600
44,10742,3,0.15125,-0.06409,-0.88239,0.44086,-1.65234,-1.04688,-7.12109,2.14062,0.89648,0.57422,-2.18764,0.21200,0.25486
45,9766,3,0.16077,-0.07208,-0.87958,0.44189,-1.40625,-1.14453,-6.13281,2.05078,0.70508,0.65039,-2.17931,0.22091,0.27921
46,9765,3,0.16870,-0.08008,-0.87677,0.44318,-0.85156,-1.08594,-5.28906,2.01562,0.51172,0.63867,-2.17090,0.22679,0.30214
47,10743,3,0.17560,-0.08826,-0.87396,0.44452,0.25781,-0.48438,-5.02734,1.87891,0.30469,0.52930,-2.16266,0.23050,0.32446
48,12695,3,0.18146,-0.09644,-0.87140,0.44550,0.73438,-0.21875,-5.22266,1.77148,0.08594,0.34766,-2.15564,0.23240,0.34569
49,6836,3,0.18591,-0.10394,-0.86938,0.44580,1.17188,0.23047,-5.42188,1.56055,-0.19141,0.08398,-2.15093,0.23269,0.36410
50,9766,3,0.18927,-0.11151,-0.86810,0.44519,1.19531,0.53906,-5.94141,1.16992,-0.45703,-0.14258,-2.14904,0.23137,0.38119
51,10742,3,0.19098,-0.11841,-0.86768,0.44348,1.31641,0.83594,-5.85547,0.86914,-0.68359,-0.33203,-2.15070,0.22836,0.39505
52,9765,3,0.19086,-0.12396,-0.86810,0.44110,1.42969,1.21094,-5.71875,0.57031,-0.96484,-0.48438,-2.15527,0.22388,0.40436
53,9766,3,0.18909,-0.12854,-0.86932,0.43817,1.51953,1.26953,-5.78516,0.13867,-1.09180,-0.60742,-2.16238,0.21783,0.41000
54,9766,3,0.18567,-0.13184,-0.87128,0.43475,2.06250,1.09375,-5.40234,-0.40820,-1.02539,-0.72461,-2.17184,0.21046,0.41152
55,10742,3,0.18567,-0.13184,-0.87128,0.43475,2.37500,0.92578,-5.35156,-0.90625,-0.92383,-0.83398,-2.17184,0.21046,0.41152
56,9765,3,0.17603,-0.13147,-0.87677,0.42780,2.32031,0.81250,-5.27344,-1.19531,-0.93555,-0.93359,-2.19364,0.19746,0.39921
57,9766,3,0.17023,-0.12805,-0.88013,0.42426,1.50000,0.07812,-5.17578,-1.32422,-1.06836,-1.02148,-2.20554,0.19217,0.38632
58,9766,3,0.16382,-0.12384,-0.88379,0.42035,1.17578,-0.31641,-5.42188,-1.41016,-1.24414,-1.06250,-2.21854,0.18654,0.37141
59,10742,3,0.15637,-0.11932,-0.88782,0.41614,0.80078,-0.75000,-5.72266,-1.52734,-1.41602,-1.03906,-2.23272,0.17929,0.35497
60,8789,3,0.14795,-0.11475,-0.89185,0.41174,0.37109,-1.20703,-6.20703,-1.81836,-1.57812,-0.97070,-2.24747,0.17023,0.33768
61,10742,3,0.13885,-0.10986,-0.89569,0.40784,-0.61328,-2.77344,-7.33984,-2.45508,-1.79102,-0.83789,-2.26123,0.15982,0.31950
62,9766,3,0.12714,-0.10291,-0.89990,0.40424,-1.36719,-3.27734,-7.96484,-3.35547,-1.99609,-0.61133,-2.27544,0.14615,0.29538
63,10742,3,0.11267,-0.09290,-0.90405,0.40167,-1.93750,-3.59375,-8.52344,-4.38477,-2.06445,-0.33984,-2.28819,0.12946,0.26371
64,12695,3,0.09583,-0.07916,-0.90778,0.40070,-2.31641,-3.67578,-8.94141,-5.41016,-2.21289,-0.09570,-2.29777,0.11075,0.22372
65,6836,3,0.07727,-0.06195,-0.91071,0.40106,-2.39453,-4.10547,-9.57812,-6.42773,-2.59375,0.28125,-2.30386,0.09117,0.17645
66,10742,3,0.05426,-0.03967,-0.91284,0.40283,-2.62891,-4.57031,-10.23828,-7.37305,-2.86914,0.80469,-2.30649,0.06714,0.11666
67,9766,3,0.02649,-0.01263,-0.91321,0.40649,-3.25391,-4.92969,-10.22656,-8.04688,-2.97656,1.39453,-2.30315,0.03812,0.04466
68,9766,3,-0.00140,0.01526,-0.91113,0.41174,-2.41797,-5.66016,-8.88281,-7.86133,-3.11523,1.88281,-2.29287,0.01001,-0.02897
69,9765,3,-0.03259,0.04633,-0.90607,0.41925,-1.28906,-4.08984,-7.24219,-7.14062,-3.38086,1.89062,-2.27371,-0.02022,-0.11154
70,10742,3,-0.06256,0.07373,-0.89905,0.42700,-0.19141,-3.69922,-6.38281,-6.78516,-3.78516,1.66016,-2.25012,-0.04955,-0.18733
71,9766,3,-0.09192,0.09717,-0.89111,0.43359,0.92969,-3.50391,-5.05469,-6.16602,-4.12109,1.30664,-2.22562,-0.07964,-0.25650
72,9766,3,-0.12347,0.11853,-0.88208,0.43890,2.85938,-3.07031,-0.60547,-5.45508,-4.32422,0.83398,-2.19945,-0.11403,-0.32527
73,10742,3,-0.15491,0.13586,-0.87286,0.44232,2.92969,-3.08203,1.00781,-4.95703,-4.43750,0.42773,-2.17383,-0.15081,-0.38819
74,11719,3,-0.18475,0.14917,-0.86395,0.44403,2.68750,-3.46484,2.55469,-4.35742,-4.35547,0.23242,-2.14959,-0.18787,-0.44382
75,7812,3,-0.21301,0.15930,-0.85529,0.44464,1.80469,-4.56641,4.76562,-3.52539,-4.22070,0.18555,-2.12594,-0.22460,-0.49365
76,9766,3,-0.23987,0.16669,-0.84662,0.44495,1.54688,-4.55078,5.39844,-2.80078,-4.06445,0.25586,-2.10147,-0.26075,-0.53869
77,10742,3,-0.26532,0.17096,-0.83734,0.44635,1.90625,-4.55469,5.83594,-2.28320,-3.57227,0.51953,-2.07339,-0.29602,-0.57871
78,9766,3,-0.28699,0.17328,-0.82843,0.44867,2.47656,-4.95703,6.85938,-1.95508,-2.65234,0.93164,-2.04505,-0.32574,-0.61243
79,9765,3,-0.30414,0.17572,-0.81976,0.45233,3.52344,-6.07812,8.18750,-1.77539,-1.69727,1.36523,-2.01689,-0.34657,-0.64207
80,9766,3,-0.31641,0.17981,-0.81158,0.45697,3.73438,-6.13672,8.36719,-1.45508,-0.62305,1.80078,-1.99081,-0.35679,-0.66891
81,10742,3,-0.32367,0.18604,-0.80408,0.46271,3.59766,-6.28125,9.19922,-0.88867,0.27344,2.26562,-1.96762,-0.35581,-0.69281
82,11719,3,-0.32532,0.19330,-0.79755,0.46979,2.51953,-6.47656,10.00391,-0.19141,0.98242,2.53711,-1.94821,-0.34405,-0.71052
83,7812,3,-0.32196,0.20044,-0.79218,0.47815,1.98047,-5.98438,9.62891,0.64062,1.54883,2.69922,-1.93248,-0.32406,-0.72055
84,9766,3,-0.31390,0.20654,-0.78778,0.48804,1.57812,-6.03516,9.50391,1.10352,2.02148,3.03906,-1.91935,-0.29734,-0.72192
85,10742,3,-0.30121,0.21210,-0.78394,0.49976,1.24609,-6.35938,8.89844,0.63477,1.96875,2.52148,-1.90756,-0.26329,-0.71577
86,9766,3,-0.28802,0.21790,-0.78046,0.51031,1.25391,-1.71484,5.76953,1.13477,0.77148,2.35938,-1.89825,-0.22920,-0.70907
87,9765,3,-0.27802,0.22131,-0.77698,0.51965,5.18750,-6.17578,-0.98047,0.01953,-0.03711,2.64258,-1.88785,-0.20341,-0.70256
88,9766,3,-0.27240,0.22345,-0.77142,0.52985,3.83594,-3.33203,4.64844,-0.13281,0.04102,2.21289,-1.87036,-0.18454,-0.70020
89,10742,3,-0.26978,0.22699,-0.76471,0.53931,3.37891,-2.20312,6.87109,0.36914,0.13086,2.00195,-1.85106,-0.16857,-0.70412
90,11719,3,-0.26678,0.22961,-0.75922,0.54742,4.07812,-2.72656,6.78516,0.64258,0.34961,1.23047,-1.83526,-0.15432,-0.70556
