lineno,time,accurate,i,j,k,r,aX,aY,aZ,gX,gY,gZ,rx,ry,rz
0,760742,3,0.08276,-0.25867,-0.00531,0.96240,-1.39062,-0.51172,-2.10156,-1.19531,0.36914,0.85742,-0.06116,-0.52014,0.18785
1,10742,3,0.07654,-0.25732,-0.00323,0.96326,-1.69141,-0.83594,-2.24219,-1.34570,0.35742,1.07422,-0.05254,-0.51814,0.17251
2,9766,3,0.06885,-0.25592,-0.00018,0.96423,-2.08984,-1.02734,-2.55078,-1.55078,0.30859,1.37891,-0.04094,-0.51613,0.15337
3,10742,3,0.06012,-0.25470,0.00385,0.96515,-2.60938,-1.18359,-2.73438,-1.76562,0.21680,1.75586,-0.02666,-0.51450,0.13143
4,9766,3,0.05011,-0.25391,0.00909,0.96588,-3.18359,-1.15625,-2.99609,-2.03906,0.08203,2.19141,-0.00905,-0.51370,0.10604
5,9765,3,0.03833,-0.25378,0.01605,0.96637,-4.25000,-1.39453,-3.61328,-2.42188,-0.02539,2.73242,0.01329,-0.51407,0.07579
6,12695,3,0.02423,-0.25427,0.02496,0.96649,-5.09766,-1.45703,-4.01562,-2.83203,-0.15234,3.37891,0.04130,-0.51522,0.03925
7,7813,3,0.00836,-0.25531,0.03564,0.96619,-5.48828,-1.83594,-4.12109,-3.04102,-0.44141,3.96289,0.07437,-0.51660,-0.00235
8,9766,3,-0.01056,-0.25732,0.04944,0.96503,-5.28125,-2.28516,-3.67578,-3.03125,-0.88867,4.37109,0.11637,-0.51850,-0.05278
9,9765,3,-0.03125,-0.26111,0.06604,0.96252,-4.76172,-2.26172,-3.73047,-2.98828,-1.33398,4.58203,0.16625,-0.52191,-0.10940
10,9766,3,-0.05151,-0.26672,0.08368,0.95874,-3.92969,-2.24609,-3.51953,-3.06445,-1.76953,4.61719,0.21917,-0.52687,-0.16669
11,10742,3,-0.07135,-0.27405,0.10168,0.95367,-3.27734,-2.30469,-3.69531,-3.13867,-2.08203,4.55859,0.27401,-0.53307,-0.22460
12,9766,3,-0.09216,-0.28333,0.12030,0.94696,-0.92578,-3.07031,-2.60156,-3.13086,-2.22266,4.37305,0.33271,-0.54035,-0.28697
13,10742,3,-0.11169,-0.29297,0.13739,0.93958,0.55859,-3.28906,-1.56250,-3.14062,-2.11133,4.11914,0.38854,-0.54667,-0.34685
14,8789,3,-0.13098,-0.30273,0.15356,0.93146,2.13672,-3.33594,-0.51953,-3.16797,-1.92188,3.81055,0.44329,-0.55124,-0.40670
15,10742,3,-0.13098,-0.30273,0.15356,0.93146,3.73047,-3.05078,-0.37500,-3.20508,-1.64648,3.40625,0.44329,-0.55124,-0.40670
16,9766,3,-0.16901,-0.31982,0.18109,0.91449,6.38672,-3.15625,0.84766,-3.07227,-1.26758,2.91016,0.54188,-0.55128,-0.52230
17,10742,3,-0.18713,-0.32660,0.19159,0.90643,7.69141,-2.96484,2.21484,-2.59180,-0.92969,2.24414,0.58221,-0.54728,-0.57498
18,8789,3,-0.20331,-0.33185,0.19958,0.89929,8.96484,-2.71484,3.59766,-1.98633,-0.61719,1.58594,0.61439,-0.54182,-0.62044
19,10742,3,-0.21545,-0.33545,0.20490,0.89392,9.84766,-3.04688,4.09766,-1.52734,-0.31641,0.99414,0.63662,-0.53685,-0.65380
20,12695,3,-0.22546,-0.33801,0.20831,0.88965,9.92188,-3.12891,3.83203,-1.17773,-0.02734,0.43945,0.65239,-0.53230,-0.68033
21,6836,3,-0.23218,-0.33929,0.20935,0.88721,10.18359,-3.11719,3.83984,-0.70508,0.23828,-0.10938,0.65968,-0.52920,-0.69690
22,10743,3,-0.23676,-0.33960,0.20831,0.88611,10.11719,-2.74609,3.81250,-0.28516,0.59766,-0.58789,0.66025,-0.52733,-0.70665
23,9765,3,-0.23889,-0.33868,0.20532,0.88660,9.32031,-2.53125,3.47656,0.02148,0.83008,-1.04688,0.65386,-0.52644,-0.70864
24,9766,3,-0.23883,-0.33667,0.20074,0.88843,9.23438,-2.02734,2.60938,0.25586,0.91992,-1.56445,0.64164,-0.52629,-0.70379
25,9765,3,-0.23688,-0.33423,0.19421,0.89136,9.14062,-1.48438,2.09375,0.38477,1.03516,-2.10352,0.62375,-0.52799,-0.69334
26,10743,3,-0.23328,-0.33167,0.18542,0.89508,8.49219,-0.98047,1.71875,0.52930,1.08984,-2.68555,0.60011,-0.53198,-0.67809
27,9765,3,-0.22821,-0.32935,0.17438,0.89948,8.08984,-0.82422,1.87891,0.81055,1.01367,-3.29492,0.57105,-0.53854,-0.65861
28,9766,3,-0.22101,-0.32739,0.16077,0.90448,7.65234,-1.21094,2.09766,1.13477,0.88672,-3.89844,0.53559,-0.54826,-0.63332
29,9766,3,-0.21143,-0.32629,0.14514,0.90985,7.30469,-1.42969,2.23438,1.23438,0.87305,-4.37500,0.49492,-0.56137,-0.60206
30,10742,3,-0.20038,-0.32581,0.12836,0.91504,6.25391,-2.32422,1.82422,1.13867,0.85547,-4.71484,0.45091,-0.57612,-0.56687
31,9765,3,-0.18744,-0.32556,0.10791,0.92047,5.37500,-2.89062,1.60156,1.04297,0.79102,-4.94336,0.39707,-0.59302,-0.52455
32,11719,3,-0.17474,-0.32568,0.08667,0.92517,4.24609,-3.59375,2.09766,1.08789,0.86719,-5.02539,0.34091,-0.60931,-0.48150
33,8789,3,-0.16254,-0.32568,0.06586,0.92908,2.93359,-4.08984,2.82422,1.33594,1.04492,-5.01562,0.28495,-0.62335,-0.43875
34,9766,3,-0.14789,-0.32483,0.04230,0.93317,1.67578,-4.46094,4.05469,1.65430,1.39453,-4.90234,0.21927,-0.63570,-0.38674
35,9765,3,-0.13342,-0.32251,0.02161,0.93689,1.04688,-4.96484,4.35938,1.84766,1.80664,-4.68945,0.15862,-0.64165,-0.33573
36,12696,3,-0.11749,-0.31793,0.00110,0.94080,0.04297,-5.41797,3.92188,1.89062,2.13086,-4.36719,0.09594,-0.64097,-0.28035
37,6836,3,-0.10187,-0.31152,-0.01752,0.94458,-1.08984,-5.58594,3.00000,1.88867,2.37305,-3.99805,0.03770,-0.63367,-0.22722
38,10742,3,-0.08606,-0.30310,-0.03522,0.94843,-3.32422,-4.78906,1.76172,1.94531,2.53516,-3.61328,-0.01798,-0.61994,-0.17522
39,9765,3,-0.07019,-0.29303,-0.05170,0.95209,-4.37109,-4.17578,1.08984,2.04688,2.46484,-3.29492,-0.06953,-0.60076,-0.12563
40,9766,3,-0.05475,-0.28271,-0.06604,0.95532,-4.95703,-3.83594,0.27734,1.99609,2.28711,-2.94141,-0.11404,-0.57930,-0.08047
41,9766,3,-0.04041,-0.27325,-0.07794,0.95795,-6.93750,-2.77734,-1.27344,1.82031,2.08203,-2.50391,-0.15060,-0.55837,-0.04106
42,10742,3,-0.02606,-0.26373,-0.08893,0.96014,-7.41016,-2.44141,-1.97266,1.66406,1.82422,-2.06641,-0.18371,-0.53643,-0.00365
43,9766,3,-0.01367,-0.25537,-0.09760,0.96179,-7.74609,-1.78516,-2.45703,1.56836,1.57617,-1.67773,-0.20941,-0.51658,0.02708
44,12695,3,-0.00269,-0.24817,-0.10431,0.96307,-7.71094,-1.36328,-2.69141,1.40625,1.32422,-1.33203,-0.22931,-0.49903,0.05310
45,6836,3,0.00690,-0.24219,-0.10931,0.96405,-7.73828,-0.40625,-3.71094,1.15625,1.05078,-0.98438,-0.24432,-0.48412,0.07492
46,10742,3,0.01514,-0.23718,-0.11298,0.96472,-7.66797,-0.15234,-4.21484,0.82227,0.78516,-0.63281,-0.25553,-0.47152,0.09308
47,9766,3,0.02179,-0.23309,-0.11554,0.96533,-7.68750,0.10938,-4.59375,0.48828,0.54688,-0.28516,-0.26346,-0.46115,0.10732
48,9765,3,0.02582,-0.23029,-0.11664,0.96576,-7.50391,0.48828,-4.85156,0.13477,0.34180,0.05664,-0.26711,-0.45424,0.11554
49,10742,3,0.02783,-0.22827,-0.11658,0.96619,-7.54297,0.56641,-5.05859,-0.21289,0.15234,0.41797,-0.26742,-0.44962,0.11910
50,9766,3,0.02759,-0.22711,-0.11523,0.96661,-7.63281,0.58984,-5.14453,-0.51562,-0.01953,0.82617,-0.26408,-0.44750,0.11749
51,9766,3,0.02515,-0.22668,-0.11243,0.96710,-7.59375,0.53516,-5.11328,-0.72461,-0.22656,1.25000,-0.25669,-0.44762,0.11073
52,9765,3,0.02112,-0.22711,-0.10815,0.96759,-7.46484,0.13281,-4.92188,-0.89453,-0.47656,1.70117,-0.24556,-0.44999,0.10011
53,10742,3,0.01508,-0.22858,-0.10150,0.96808,-7.61719,-0.14844,-4.83203,-1.11523,-0.71484,2.25195,-0.22845,-0.45506,0.08426
54,9766,3,0.00769,-0.23114,-0.09296,0.96844,-7.71875,-0.35156,-4.96875,-1.43945,-0.96875,2.84570,-0.20663,-0.46258,0.06471
55,9766,3,-0.00183,-0.23474,-0.08197,0.96863,-7.72266,-0.31641,-5.23438,-1.90234,-1.30078,3.44141,-0.17829,-0.47240,0.03924
56,9765,3,-0.01404,-0.23950,-0.06854,0.96838,-7.04688,-0.52734,-6.68359,-2.54492,-1.55273,4.01758,-0.14290,-0.48451,0.00638
57,10743,3,-0.02966,-0.24530,-0.05298,0.96753,-6.70703,-0.60938,-6.80469,-3.13477,-1.85742,4.55469,-0.10031,-0.49818,-0.03576
58,9765,3,-0.04907,-0.25214,-0.03534,0.96582,-6.32422,-0.70312,-7.39062,-3.77148,-2.04492,5.03711,-0.04996,-0.51265,-0.08844
59,9766,3,-0.07153,-0.25946,-0.01642,0.96295,-4.58984,-1.98828,-7.10547,-4.34766,-2.12109,5.33984,0.00636,-0.52597,-0.15001
60,12695,3,-0.09882,-0.26746,0.00482,0.95850,-3.46484,-2.01953,-6.95703,-4.76367,-2.17188,5.43359,0.07234,-0.53721,-0.22538
61,7813,3,-0.12628,-0.27466,0.02472,0.95288,-1.96875,-2.20703,-6.83203,-5.13477,-2.14258,5.33398,0.13652,-0.54358,-0.30162
62,9765,3,-0.15692,-0.28198,0.04498,0.94543,-0.56250,-2.76953,-6.41797,-5.45312,-2.00781,5.09570,0.20447,-0.54576,-0.38637
63,9766,3,-0.19061,-0.28912,0.06500,0.93585,1.96875,-4.01172,-4.03906,-5.53516,-2.04102,4.59375,0.27422,-0.54263,-0.47858
64,10742,3,-0.22235,-0.29559,0.08154,0.92548,4.06250,-3.37891,-3.42578,-5.42383,-2.00586,3.94922,0.33471,-0.53621,-0.56433
65,9766,3,-0.25299,-0.30225,0.09552,0.91406,6.39062,-2.92969,-2.40625,-5.20117,-1.65234,3.28516,0.38904,-0.52847,-0.64654
66,11718,3,-0.28149,-0.30841,0.10626,0.90240,10.68359,-3.18359,0.60938,-4.78711,-0.92773,2.50781,0.43461,-0.51992,-0.72206
67,7813,3,-0.30688,-0.31256,0.11322,0.89178,12.46094,-2.59766,2.68750,-4.05664,-0.40039,1.57812,0.46806,-0.50979,-0.78694
68,10742,3,-0.32916,-0.31482,0.11652,0.88257,13.66016,-1.59766,3.02734,-2.95898,-0.43750,0.38281,0.48976,-0.49953,-0.84128
69,9766,3,-0.34656,-0.31720,0.11603,0.87512,13.35156,-0.60938,3.02734,-2.05078,-0.46875,-0.75391,0.50126,-0.49468,-0.88324
70,9765,3,-0.35651,-0.32086,0.11230,0.87024,10.87109,-1.26562,1.28906,-1.67773,-0.32227,-1.59570,0.50422,-0.49882,-0.90865
71,9766,3,-0.36267,-0.32593,0.10468,0.86676,9.04688,-1.80469,0.57422,-1.63672,-0.12305,-2.09375,0.49960,-0.51104,-0.92567
72,10742,3,-0.36670,-0.33118,0.09448,0.86426,7.48828,-2.30859,0.12500,-1.54102,0.05273,-2.35352,0.48931,-0.52723,-0.93711
73,9766,3,-0.36975,-0.33618,0.08240,0.86224,6.21094,-2.57812,0.27344,-1.27344,0.38477,-2.39648,0.47465,-0.54546,-0.94531
74,12695,3,-0.37189,-0.34033,0.06940,0.86084,4.07031,-3.01562,2.12109,-0.87695,0.74805,-2.34961,0.45651,-0.56372,-0.94991
75,6836,3,-0.37250,-0.34265,0.05707,0.86053,3.41016,-3.04688,2.54297,-0.34766,0.92969,-2.35742,0.43606,-0.57907,-0.94884
76,10742,3,-0.37128,-0.34363,0.04431,0.86145,2.51953,-2.96484,2.84766,0.12891,1.01758,-2.31445,0.41136,-0.59335,-0.94125
77,9766,3,-0.36774,-0.34387,0.03204,0.86340,0.45703,-3.24219,3.18359,0.47656,1.10547,-2.20508,0.38466,-0.60681,-0.92707
78,9765,3,-0.36255,-0.34351,0.02094,0.86609,-0.60156,-3.19141,3.25781,0.82617,1.09766,-1.97461,0.35782,-0.61853,-0.90832
79,10743,3,-0.35614,-0.34253,0.01117,0.86932,-1.55469,-2.91797,3.23438,1.09766,1.00586,-1.69727,0.33155,-0.62806,-0.88621
80,8789,3,-0.34882,-0.34125,0.00323,0.87286,-2.34375,-2.88281,2.99609,1.18945,0.89258,-1.34570,0.30762,-0.63534,-0.86223
81,10742,3,-0.34143,-0.33990,-0.00269,0.87628,-3.61719,-2.38281,2.50391,1.31445,0.85352,-0.41797,0.28755,-0.64044,-0.83903
82,9766,3,-0.33411,-0.33759,-0.00586,0.88000,-2.16016,-4.76562,1.38281,0.78906,1.15234,-0.06641,0.27192,-0.64106,-0.81648
83,10742,3,-0.32886,-0.33362,-0.00659,0.88342,-3.47266,-0.38672,2.98047,0.61914,1.28906,-0.16992,0.26122,-0.63581,-0.79912
84,11718,3,-0.32544,-0.32855,-0.00775,0.88660,-3.79297,0.10547,2.01953,0.69336,0.88867,-0.16016,0.24991,-0.62815,-0.78515
