lineno,time,accurate,i,j,k,r,aX,aY,aZ,gX,gY,gZ,rx,ry,rz
0,1342773,3,-0.13391,-0.31897,-0.90497,0.24774,-0.12500,0.09766,-4.24609,-0.69922,0.27148,0.09570,-2.73432,-0.41196,0.59150
1,9766,3,-0.13367,-0.31555,-0.90613,0.24811,-0.41797,0.03516,-4.55469,-0.82617,0.26953,0.08984,-2.73193,-0.41020,0.58384
2,9766,3,-0.13361,-0.31165,-0.90741,0.24823,-0.69922,-0.14062,-4.79297,-0.95508,0.28711,0.10547,-2.72992,-0.40846,0.57521
3,9765,3,-0.13361,-0.30713,-0.90894,0.24835,-1.02734,-0.25391,-4.87891,-1.08398,0.27148,0.11719,-2.72770,-0.40653,0.56522
4,10742,3,-0.13379,-0.30225,-0.91052,0.24847,-1.70312,-0.67188,-5.20312,-1.20508,0.25586,0.15820,-2.72542,-0.40478,0.55441
5,9766,3,-0.13428,-0.29633,-0.91235,0.24854,-2.14844,-0.91797,-5.14062,-1.34766,0.22656,0.22070,-2.72296,-0.40314,0.54132
6,11719,3,-0.13507,-0.29010,-0.91418,0.24878,-2.58984,-1.12891,-5.28125,-1.50586,0.17773,0.31641,-2.72012,-0.40203,0.52744
7,8789,3,-0.13635,-0.28326,-0.91602,0.24915,-2.77344,-1.19531,-5.41797,-1.66992,0.09961,0.39844,-2.71696,-0.40167,0.51210
8,9765,3,-0.13824,-0.27533,-0.91797,0.24969,-3.34766,-1.42969,-5.75781,-1.80078,0.00195,0.48438,-2.71315,-0.40208,0.49418
9,10743,3,-0.14087,-0.26685,-0.91992,0.25043,-3.74609,-1.58203,-5.78906,-1.91797,-0.09766,0.59766,-2.70896,-0.40370,0.47477
10,8789,3,-0.14417,-0.25800,-0.92169,0.25134,-4.00000,-1.71484,-5.92969,-2.09375,-0.19531,0.71875,-2.70436,-0.40653,0.45434
11,10742,3,-0.14819,-0.24847,-0.92334,0.25250,-4.22266,-2.29297,-6.36719,-2.29688,-0.31641,0.85938,-2.69906,-0.41058,0.43214
12,9766,3,-0.15326,-0.23779,-0.92493,0.25403,-4.54688,-2.54297,-6.46875,-2.50195,-0.42773,1.02539,-2.69259,-0.41621,0.40693
13,9765,3,-0.15912,-0.22650,-0.92627,0.25586,-4.78516,-2.73047,-6.64453,-2.69336,-0.58203,1.19727,-2.68514,-0.42317,0.37995
14,9766,3,-0.16608,-0.21411,-0.92731,0.25812,-4.85547,-2.92969,-6.80859,-2.86719,-0.70312,1.37695,-2.67615,-0.43186,0.34995
15,10742,3,-0.17371,-0.20142,-0.92804,0.26074,-5.06250,-3.80859,-6.43359,-3.03125,-0.82617,1.58594,-2.66592,-0.44167,0.31870
16,11719,3,-0.18298,-0.18677,-0.92834,0.26416,-5.12891,-4.16797,-6.35547,-3.29102,-0.87891,1.86719,-2.65267,-0.45385,0.28200
17,7812,3,-0.19226,-0.17230,-0.92816,0.26807,-5.41406,-4.73828,-6.07422,-3.58594,-0.86523,2.17383,-2.63770,-0.46596,0.24509
18,9766,3,-0.20306,-0.15479,-0.92743,0.27332,-5.26172,-4.75781,-5.93750,-3.87500,-0.89844,2.45898,-2.61740,-0.47941,0.19980
19,10742,3,-0.21405,-0.13611,-0.92609,0.27936,-4.24609,-5.09766,-5.40625,-4.24219,-0.89062,2.75781,-2.59361,-0.49212,0.15091
20,9766,3,-0.22559,-0.11566,-0.92401,0.28619,-3.66406,-5.33203,-5.27734,-4.67773,-0.86133,3.01758,-2.56583,-0.50420,0.09680
21,9765,3,-0.23761,-0.09296,-0.92120,0.29370,-2.93750,-5.23828,-5.13672,-5.06836,-0.84766,3.13477,-2.53391,-0.51483,0.03642
22,12696,3,-0.25000,-0.06812,-0.91766,0.30133,-0.39453,-5.48828,-4.70703,-5.32422,-0.79883,3.10742,-2.49911,-0.52344,-0.02962
23,7812,3,-0.26221,-0.04230,-0.91345,0.30829,0.47656,-5.34766,-3.82422,-5.16602,-0.77539,2.90039,-2.46403,-0.52952,-0.09795
24,9766,3,-0.27490,-0.01428,-0.90833,0.31494,1.05859,-5.90234,-1.99219,-4.83789,-0.65430,2.72656,-2.42705,-0.53331,-0.17179
25,10742,3,-0.28601,0.01105,-0.90302,0.32037,0.59766,-6.82031,-0.67969,-4.57422,-0.59570,2.66992,-2.39416,-0.53456,-0.23841
26,8789,3,-0.29645,0.03601,-0.89709,0.32574,-1.03125,-7.98047,-0.25781,-4.43555,-0.61523,2.73633,-2.36136,-0.53331,-0.30395
27,10742,3,-0.30566,0.05884,-0.89087,0.33087,-1.53906,-7.89453,-0.06250,-4.43555,-0.58789,2.85352,-2.33054,-0.53016,-0.36395
28,11719,3,-0.31476,0.08191,-0.88379,0.33643,-1.44531,-7.80078,0.27344,-4.49414,-0.64258,2.91602,-2.29840,-0.52501,-0.42470
29,7812,3,-0.32318,0.10406,-0.87628,0.34180,-1.19141,-7.35547,0.53516,-4.63281,-0.72852,2.97656,-2.26747,-0.51815,-0.48279
30,9766,3,-0.33234,0.12781,-0.86749,0.34735,-0.99609,-7.42578,0.91406,-4.78320,-0.69531,3.05273,-2.23453,-0.50959,-0.54511
31,10742,3,-0.34192,0.15320,-0.85730,0.35303,-0.55859,-7.24609,1.44922,-4.80859,-0.65820,3.06250,-2.20004,-0.49849,-0.61132
32,9766,3,-0.35077,0.17780,-0.84680,0.35815,-0.14453,-7.28516,2.03516,-4.59766,-0.75000,2.98633,-2.16805,-0.48557,-0.67458
33,9765,3,-0.35913,0.20135,-0.83594,0.36298,0.90234,-8.46875,3.82812,-4.14844,-0.90625,2.92578,-2.13790,-0.47150,-0.73484
34,11719,3,-0.36749,0.22369,-0.82428,0.36810,1.37891,-8.80078,5.16016,-3.53906,-0.92969,2.90234,-2.10756,-0.45687,-0.79286
35,8789,3,-0.37469,0.24261,-0.81311,0.37366,2.62109,-8.88672,6.50391,-3.03516,-0.82812,2.84180,-2.07925,-0.44230,-0.84258
36,9766,3,-0.38092,0.26019,-0.80164,0.38019,3.88281,-8.88672,7.08594,-2.76562,-0.64453,2.75977,-2.05094,-0.42562,-0.88841
37,9766,3,-0.38574,0.27631,-0.79071,0.38684,5.10938,-8.46875,7.46484,-2.56055,-0.43359,2.64258,-2.02535,-0.40742,-0.92888
38,10742,3,-0.38910,0.29077,-0.78082,0.39282,5.66406,-7.81250,7.71484,-2.31250,-0.32422,2.43945,-2.00414,-0.38895,-0.96343
39,9765,3,-0.39154,0.30438,-0.77155,0.39838,6.09766,-6.91797,7.71875,-2.05859,-0.33398,2.18164,-1.98586,-0.37008,-0.99446
40,11719,3,-0.39355,0.31677,-0.76294,0.40338,6.42188,-6.12109,7.62891,-1.92969,-0.46094,1.91797,-1.96998,-0.35218,-1.02211
41,7813,3,-0.39569,0.32727,-0.75507,0.40765,6.17188,-5.62500,6.45312,-1.92969,-0.63867,1.71875,-1.95586,-0.33707,-1.04625
42,10742,3,-0.39874,0.33752,-0.74677,0.41168,6.18359,-5.55469,6.36328,-1.93750,-0.72852,1.57031,-1.94101,-0.32321,-1.07128
43,9765,3,-0.40240,0.34656,-0.73877,0.41498,6.71484,-5.61328,6.67969,-1.75586,-0.72852,1.41797,-1.92684,-0.31197,-1.09499
44,9766,3,-0.40613,0.35468,-0.73114,0.41791,8.60156,-5.87891,8.07031,-1.44336,-0.67578,1.20508,-1.91346,-0.30202,-1.11705
45,9766,3,-0.40979,0.36200,-0.72388,0.42072,9.67578,-6.15234,8.73438,-1.01953,-0.58398,0.92383,-1.90066,-0.29285,-1.13744
46,10742,3,-0.41266,0.36737,-0.71814,0.42316,10.92578,-6.16016,9.34766,-0.48047,-0.46680,0.51562,-1.89025,-0.28564,-1.15275
47,9765,3,-0.41479,0.37042,-0.71417,0.42511,12.00391,-6.17969,9.80078,0.14844,-0.34961,0.04102,-1.88232,-0.28121,-1.16246
48,9766,3,-0.41608,0.37079,-0.71240,0.42651,13.00000,-6.15625,9.90234,0.82031,-0.33398,-0.53516,-1.87730,-0.28018,-1.16562
49,10742,3,-0.41608,0.37079,-0.71240,0.42651,12.81641,-6.44922,9.62500,1.32031,-0.26758,-1.05664,-1.87730,-0.28018,-1.16562
50,9766,3,-0.41693,0.36176,-0.71613,0.42725,12.30859,-6.99219,9.24219,1.73047,-0.11328,-1.60352,-1.87551,-0.29215,-1.15061
51,9766,3,-0.41669,0.35303,-0.72131,0.42596,11.87891,-7.16406,9.07812,2.15625,-0.01172,-2.19336,-1.87956,-0.30508,-1.13402
52,9765,3,-0.41608,0.34198,-0.72852,0.42328,11.36719,-7.25000,7.91797,2.56055,0.05664,-2.77539,-1.88751,-0.32229,-1.11226
53,10742,3,-0.41522,0.32819,-0.73773,0.41907,10.46094,-7.52344,7.07031,2.91797,0.13086,-3.29492,-1.89958,-0.34435,-1.08469
54,11719,3,-0.41400,0.31171,-0.74872,0.41333,9.45312,-7.88672,6.49219,3.25977,0.27344,-3.72656,-1.91612,-0.37071,-1.05111
55,7813,3,-0.41235,0.29413,-0.76038,0.40656,7.59375,-8.28125,5.98828,3.56641,0.49609,-4.03320,-1.93622,-0.39838,-1.01422
56,9765,3,-0.40942,0.27313,-0.77417,0.39795,6.53125,-8.55469,5.50781,3.91016,0.76172,-4.22266,-1.96358,-0.42967,-0.96787
57,10742,3,-0.40491,0.25085,-0.78876,0.38855,5.50000,-8.80859,5.09766,4.27734,0.98633,-4.31445,-1.99661,-0.45985,-0.91529
58,11719,3,-0.39874,0.22760,-0.80359,0.37878,4.44531,-8.97656,4.38672,4.61133,1.18164,-4.32812,-2.03439,-0.48749,-0.85703
59,7813,3,-0.39111,0.20422,-0.81781,0.36951,2.35547,-8.89453,2.80859,4.87500,1.25586,-4.25977,-2.07439,-0.51069,-0.79545
60,9765,3,-0.39111,0.20422,-0.81781,0.36951,1.35547,-8.74219,1.46094,5.06836,1.26367,-4.16602,-2.07439,-0.51069,-0.79545
61,10742,3,-0.37036,0.15051,-0.84711,0.35016,0.59375,-8.35938,0.30469,5.15234,1.28125,-4.11523,-2.16918,-0.54926,-0.64733
62,11719,3,-0.35895,0.12329,-0.85999,0.34113,0.01172,-7.94922,-0.73438,5.02734,1.29102,-4.04883,-2.21727,-0.56246,-0.57064
63,7813,3,-0.34766,0.09741,-0.87134,0.33234,-0.99609,-6.57422,-2.93359,4.78906,1.35156,-3.96094,-2.26401,-0.57173,-0.49681
64,10742,3,-0.33502,0.07019,-0.88251,0.32245,-1.48047,-6.24219,-3.54297,4.64453,1.28516,-3.88477,-2.31514,-0.57767,-0.41786
65,8789,3,-0.32263,0.04437,-0.89233,0.31250,-1.77734,-5.92188,-4.49609,4.56836,1.08594,-3.85352,-2.36477,-0.58006,-0.34241
66,11719,3,-0.31122,0.02014,-0.90057,0.30273,-2.39844,-4.82031,-5.16797,4.36328,1.05469,-3.82031,-2.41130,-0.58043,-0.27208
67,8789,3,-0.29999,-0.00409,-0.90796,0.29248,-2.85938,-4.75391,-5.59766,4.10742,1.14453,-3.70117,-2.45792,-0.57899,-0.20216
68,9765,3,-0.28821,-0.02826,-0.91479,0.28162,-3.33203,-4.62109,-5.76953,3.89648,1.20117,-3.48828,-2.50524,-0.57425,-0.13214
69,10743,3,-0.27655,-0.05023,-0.92059,0.27124,-3.61719,-4.60938,-5.97656,3.66602,1.22070,-3.25195,-2.54868,-0.56616,-0.06822
70,9765,3,-0.26471,-0.07104,-0.92554,0.26129,-4.14844,-3.56641,-6.67578,3.42969,1.21680,-2.99609,-2.58900,-0.55521,-0.00803
71,9766,3,-0.26471,-0.07104,-0.92554,0.26129,-4.13281,-3.33203,-7.09375,3.17969,1.10742,-2.72852,-2.58900,-0.55521,-0.00803
72,11719,3,-0.24225,-0.10760,-0.93286,0.24390,-4.17578,-2.94141,-7.59766,2.88477,1.06836,-2.49023,-2.65610,-0.52877,0.09581
73,8789,3,-0.23248,-0.12286,-0.93536,0.23663,-4.60547,-2.77344,-7.81250,2.62109,1.08203,-2.30664,-2.68250,-0.51558,0.13815
74,9765,3,-0.22223,-0.13788,-0.93756,0.22931,-4.97656,-1.59766,-8.29688,2.36328,0.94531,-2.18750,-2.70785,-0.50059,0.17949
75,10742,3,-0.21289,-0.15112,-0.93933,0.22247,-5.01172,-1.30469,-8.67969,2.04883,0.76758,-2.04102,-2.73014,-0.48611,0.21564
76,8790,3,-0.20477,-0.16278,-0.94073,0.21588,-5.13281,-1.01953,-8.99609,1.65430,0.61719,-1.84570,-2.75031,-0.47299,0.24723
77,10742,3,-0.19806,-0.17249,-0.94183,0.20966,-5.50000,-0.41406,-9.21484,1.29883,0.49023,-1.66406,-2.76819,-0.46163,0.27353
78,9765,3,-0.19208,-0.18097,-0.94287,0.20343,-5.40625,-0.24219,-9.09375,1.04297,0.37305,-1.49805,-2.78512,-0.45095,0.29666
79,10743,3,-0.18738,-0.18762,-0.94373,0.19775,-5.44141,-0.36719,-8.77344,0.75586,0.33594,-1.30273,-2.79982,-0.44212,0.31498
80,11718,3,-0.18341,-0.19287,-0.94452,0.19263,-5.60938,-0.33984,-8.72656,0.43164,0.29688,-1.11523,-2.81258,-0.43427,0.32965
81,7813,3,-0.18024,-0.19635,-0.94525,0.18829,-5.70703,0.13672,-9.02344,0.11133,0.23633,-0.94141,-2.82281,-0.42760,0.33984
82,9765,3,-0.17755,-0.19843,-0.94617,0.18402,-5.84375,0.21875,-9.10938,-0.20898,0.18359,-0.75195,-2.83229,-0.42138,0.34678
83,9766,3,-0.17572,-0.19879,-0.94714,0.18042,-6.02734,0.33984,-9.15625,-0.49219,0.12695,-0.54102,-2.83971,-0.41653,0.34950
84,9766,3,-0.17462,-0.19763,-0.94812,0.17743,-6.07422,0.88281,-9.08594,-0.70703,0.05469,-0.35938,-2.84530,-0.41290,0.34852
85,10742,3,-0.17426,-0.19507,-0.94916,0.17505,-5.97266,0.99219,-9.07031,-0.94141,-0.05078,-0.19727,-2.84916,-0.41054,0.34409
86,9765,3,-0.17462,-0.19147,-0.95020,0.17322,-5.81250,1.05469,-9.23828,-1.22852,-0.21680,-0.01367,-2.85159,-0.40952,0.33705
87,9766,3,-0.17609,-0.18658,-0.95111,0.17188,-5.66797,1.14062,-9.68359,-1.63672,-0.35156,0.18359,-2.85267,-0.41054,0.32687
88,9766,3,-0.17865,-0.18011,-0.95209,0.17096,-5.73047,0.83594,-9.32422,-2.01758,-0.41406,0.39258,-2.85238,-0.41342,0.31288
89,10742,3,-0.18237,-0.17126,-0.95306,0.17047,-5.38281,0.71094,-8.97266,-2.25781,-0.48828,0.57422,-2.85027,-0.41810,0.29338
90,9766,3,-0.18671,-0.16101,-0.95398,0.17053,-4.93359,0.50000,-8.42188,-2.38477,-0.53320,0.72070,-2.84632,-0.42373,0.27045
91,9765,3,-0.19171,-0.14966,-0.95477,0.17114,-4.48828,0.21875,-7.94922,-2.49414,-0.55664,0.82812,-2.84061,-0.43047,0.24469
92,9766,3,-0.19696,-0.13763,-0.95532,0.17218,-3.21094,-0.53516,-7.35938,-2.61914,-0.50195,0.94922,-2.83341,-0.43753,0.21714
93,10742,3,-0.20227,-0.12506,-0.95569,0.17365,-2.85156,-0.77344,-7.08984,-2.75195,-0.40430,1.04102,-2.82474,-0.44452,0.18806
94,9766,3,-0.20734,-0.11176,-0.95593,0.17542,-2.36328,-0.95312,-6.87500,-2.86523,-0.29883,1.10742,-2.81473,-0.45069,0.15719
95,9765,3,-0.21210,-0.09735,-0.95605,0.17749,-1.48438,-1.08594,-6.66016,-2.96484,-0.19141,1.11523,-2.80321,-0.45572,0.12377
96,12696,3,-0.21210,-0.09735,-0.95605,0.17749,-1.19922,-1.09375,-6.46875,-3.05273,-0.12109,1.08984,-2.80321,-0.45572,0.12377
97,7812,3,-0.22009,-0.06769,-0.95605,0.18146,-1.06250,-1.29688,-6.17188,-3.15234,-0.03125,1.07031,-2.77947,-0.46163,0.05537
98,9766,3,-0.22382,-0.05084,-0.95587,0.18329,-0.91797,-1.88672,-5.62891,-3.23633,0.13867,1.07227,-2.76668,-0.46289,0.01693
99,9765,3,-0.22656,-0.03516,-0.95569,0.18469,-0.79297,-3.26172,-4.16406,-3.32617,0.28320,1.06445,-2.75545,-0.46232,-0.01843
100,10742,3,-0.22888,-0.01727,-0.95532,0.18616,-0.99219,-3.56641,-3.68750,-3.45703,0.36133,1.01758,-2.74304,-0.45978,-0.05830
101,9766,3,-0.23053,0.00043,-0.95490,0.18719,-1.30469,-3.96094,-3.17578,-3.63086,0.42773,1.00195,-2.73188,-0.45571,-0.09718
102,9766,3,-0.23193,0.01874,-0.95422,0.18787,-1.67188,-4.42188,-2.49219,-3.71484,0.41016,0.93945,-2.72136,-0.45071,-0.13697
103,9765,3,-0.23328,0.03796,-0.95331,0.18811,-2.46875,-4.55859,-1.76172,-3.75586,0.25977,0.89258,-2.71149,-0.44501,-0.17836
104,12696,3,-0.23499,0.05707,-0.95197,0.18799,-3.02734,-4.74219,-1.39453,-3.80273,0.09570,0.91992,-2.70240,-0.43998,-0.21949
105,7812,3,-0.23730,0.07574,-0.95013,0.18768,-3.49219,-4.92969,-0.82031,-3.79102,-0.07227,1.00781,-2.69362,-0.43620,-0.25999
106,9766,3,-0.24042,0.09479,-0.94763,0.18768,-3.88281,-5.02734,-0.21875,-3.70508,-0.33203,1.13867,-2.68356,-0.43352,-0.30197
107,9765,3,-0.24451,0.11462,-0.94427,0.18829,-4.39844,-5.73438,0.87109,-3.55469,-0.51562,1.36914,-2.67117,-0.43189,-0.34664
108,10743,3,-0.24915,0.13287,-0.94031,0.18994,-4.04297,-6.57812,2.31641,-3.39258,-0.52734,1.59570,-2.65670,-0.43133,-0.38901
109,9765,3,-0.25385,0.15039,-0.93585,0.19281,-3.07031,-6.90234,3.38281,-3.19922,-0.61719,1.67969,-2.63973,-0.43026,-0.43058
110,9766,3,-0.25824,0.16675,-0.93109,0.19647,-1.13281,-6.55078,4.18359,-3.04102,-0.69336,1.69141,-2.62161,-0.42833,-0.47001
111,10742,3,-0.26306,0.18341,-0.92560,0.20087,-0.31250,-6.48828,4.62109,-2.90234,-0.71484,1.70898,-2.60132,-0.42611,-0.51091
112,9766,3,-0.26770,0.19873,-0.92017,0.20538,0.68359,-6.50781,5.24609,-2.76953,-0.66992,1.69531,-2.58146,-0.42356,-0.54894
113,9765,3,-0.27209,0.21338,-0.91455,0.20990,1.67188,-6.11719,5.79297,-2.63281,-0.64062,1.59570,-2.56196,-0.42037,-0.58550
114,12696,3,-0.27606,0.22729,-0.90894,0.21429,3.75000,-5.50781,6.37891,-2.51562,-0.56055,1.48242,-2.54335,-0.41637,-0.62019
115,7812,3,-0.27966,0.24011,-0.90363,0.21814,4.35547,-5.42578,7.07812,-2.43555,-0.38086,1.41992,-2.52670,-0.41225,-0.65202
116,9766,3,-0.28265,0.25287,-0.89832,0.22168,5.09375,-5.39062,7.76953,-2.33594,-0.11328,1.35742,-2.51132,-0.40687,-0.68308
117,9765,3,-0.28467,0.26581,-0.89319,0.22485,7.19922,-5.20312,9.07812,-2.14062,0.18750,1.18359,-2.49777,-0.39952,-0.71334
118,9766,3,-0.28528,0.27759,-0.88879,0.22711,8.08203,-4.86328,9.69922,-1.84180,0.45898,0.91992,-2.48809,-0.39091,-0.73943
119,10742,3,-0.28461,0.28845,-0.88525,0.22839,8.35156,-4.57812,10.11719,-1.39258,0.68359,0.65234,-2.48234,-0.38129,-0.76184
120,8789,3,-0.28271,0.29742,-0.88281,0.22858,8.14062,-4.29688,10.35547,-0.82422,0.80078,0.39258,-2.48090,-0.37170,-0.77869
121,10742,3,-0.28003,0.30371,-0.88165,0.22809,7.14453,-3.54688,9.82031,-0.24609,0.81836,0.15039,-2.48273,-0.36316,-0.78888
122,9766,3,-0.27649,0.30756,-0.88171,0.22717,6.67188,-3.04688,9.13672,0.17773,0.82227,-0.05469,-2.48725,-0.35523,-0.79293
123,10742,3,-0.27271,0.30872,-0.88275,0.22589,6.11328,-2.72656,8.37891,0.44336,0.83203,-0.19336,-2.49356,-0.34905,-0.79115
124,9766,3,-0.26886,0.30817,-0.88452,0.22437,5.58594,-2.33594,7.56641,0.65625,0.76953,-0.31445,-2.50100,-0.34410,-0.78565
125,9765,3,-0.26508,0.30634,-0.88672,0.22266,4.55469,-1.41797,6.23047,0.83984,0.70312,-0.38281,-2.50907,-0.34022,-0.77757
126,10743,3,-0.26147,0.30341,-0.88928,0.22083,4.07031,-1.20312,5.73828,0.99805,0.64648,-0.42383,-2.51750,-0.33741,-0.76737
127,9765,3,-0.25800,0.29956,-0.89203,0.21906,3.66406,-1.04297,5.30859,1.13086,0.59180,-0.49414,-2.52588,-0.33529,-0.75549
128,9766,3,-0.25470,0.29492,-0.89496,0.21729,3.36719,-0.85156,4.91016,1.26953,0.56836,-0.60742,-2.53428,-0.33389,-0.74217
129,9766,3,-0.25159,0.28955,-0.89807,0.21533,3.21875,-0.79297,4.92969,1.33789,0.62500,-0.83203,-2.54303,-0.33331,-0.72749
130,9765,3,-0.24847,0.28339,-0.90149,0.21277,3.12891,-0.67188,4.78906,1.43555,0.76172,-1.17383,-2.55319,-0.33355,-0.71107
131,9766,3,-0.24524,0.27667,-0.90540,0.20886,2.96094,-0.37500,4.79688,1.65234,0.66992,-1.26367,-2.56631,-0.33470,-0.69301
132,10742,3,-0.24219,0.26929,-0.90942,0.20435,1.64062,-1.93359,4.10938,1.76367,0.73047,-1.24219,-2.58062,-0.33678,-0.67363
133,9766,3,-0.23877,0.26031,-0.91400,0.19940,1.16016,-1.87500,3.81641,1.95508,0.70703,-1.28711,-2.59664,-0.33914,-0.65053
