lineno,time,accurate,i,j,k,r,aX,aY,aZ,gX,gY,gZ,rx,ry,rz
0,1512695,3,0.35278,-0.30566,-0.50861,0.72345,1.19141,0.02344,-3.64844,-0.52148,-0.11719,-0.27539,-1.26948,-0.08351,0.96894
1,9766,3,0.35107,-0.30457,-0.51086,0.72321,1.47656,0.12500,-4.14062,-0.67188,-0.12891,-0.32227,-1.27289,-0.08191,0.96442
2,9766,3,0.34888,-0.30316,-0.51349,0.72296,1.68359,0.19531,-4.64453,-0.81445,-0.15820,-0.39844,-1.27683,-0.08015,0.95870
3,9765,3,0.34619,-0.30139,-0.51660,0.72278,2.16406,0.46094,-5.49609,-1.00586,-0.17188,-0.50000,-1.28135,-0.07807,0.95159
4,12695,3,0.34619,-0.30139,-0.51660,0.72278,2.37891,0.54688,-5.90625,-1.23633,-0.15820,-0.61523,-1.28135,-0.07807,0.95159
5,7813,3,0.33929,-0.29608,-0.52454,0.72253,2.64062,0.56250,-6.25781,-1.50195,-0.11133,-0.74023,-1.29211,-0.07198,0.93233
6,9766,3,0.33478,-0.29199,-0.52966,0.72260,2.76562,0.56641,-6.47656,-1.75000,-0.06250,-0.84375,-1.29842,-0.06739,0.91887
7,9765,3,0.32947,-0.28662,-0.53564,0.72278,3.07812,0.20703,-6.52344,-1.96875,0.00000,-0.96484,-1.30531,-0.06141,0.90234
8,10742,3,0.32379,-0.28046,-0.54193,0.72302,3.25781,-0.10547,-6.53516,-2.18750,0.07812,-1.07617,-1.31227,-0.05464,0.88417
9,9766,3,0.31763,-0.27313,-0.54889,0.72333,3.38281,-0.41016,-6.61328,-2.38672,0.17188,-1.17578,-1.31968,-0.04646,0.86359
10,9766,3,0.31134,-0.26508,-0.55597,0.72369,3.30469,-1.04297,-6.49219,-2.60547,0.25781,-1.28125,-1.32693,-0.03748,0.84185
11,10742,3,0.30408,-0.25519,-0.56403,0.72412,3.17969,-1.21484,-6.63281,-2.86719,0.39062,-1.36328,-1.33498,-0.02656,0.81606
12,9765,3,0.29663,-0.24451,-0.57208,0.72455,3.10547,-1.38672,-6.62891,-3.17773,0.58789,-1.45508,-1.34291,-0.01492,0.78902
13,9766,3,0.28864,-0.23218,-0.58044,0.72516,3.07422,-1.55859,-6.67188,-3.48242,0.79102,-1.54883,-1.35068,-0.00166,0.75894
14,12695,3,0.28015,-0.21796,-0.58905,0.72601,2.80078,-2.08984,-6.61719,-3.70312,0.98438,-1.63281,-1.35810,0.01357,0.72559
15,7813,3,0.27161,-0.20251,-0.59747,0.72681,2.57422,-2.37109,-6.48047,-3.84180,1.10352,-1.72070,-1.36523,0.03018,0.69072
16,9766,3,0.26257,-0.18518,-0.60614,0.72760,2.40234,-2.73047,-6.46094,-3.90820,1.10938,-1.82031,-1.37263,0.04885,0.65264
17,9765,3,0.25305,-0.16663,-0.61511,0.72791,1.52734,-3.49219,-6.33594,-3.91406,0.91797,-1.93945,-1.38147,0.06879,0.61228
18,9766,3,0.24329,-0.14844,-0.62408,0.72754,1.09375,-3.89062,-6.60938,-4.04102,0.65234,-2.03125,-1.39218,0.08779,0.57204
19,10742,3,0.23260,-0.13074,-0.63342,0.72632,0.75000,-3.92969,-6.87109,-4.31055,0.42773,-2.06836,-1.40581,0.10496,0.53091
20,11719,3,0.22052,-0.11334,-0.64288,0.72473,0.54688,-3.83203,-7.05078,-4.65039,0.32227,-2.05469,-1.42146,0.11954,0.48783
21,7812,3,0.22052,-0.11334,-0.64288,0.72473,0.39453,-4.43750,-6.39062,-4.93750,0.29492,-2.01758,-1.42146,0.11954,0.48783
22,9766,3,0.19061,-0.07611,-0.66241,0.72046,0.76562,-4.58984,-6.26172,-5.27344,0.37695,-1.99805,-1.45860,0.14335,0.38914
23,10742,3,0.17438,-0.05658,-0.67120,0.71826,1.09766,-4.64844,-6.18750,-5.65625,0.70117,-1.98828,-1.47697,0.15341,0.33664
24,12695,3,0.15717,-0.03479,-0.67926,0.71600,1.57422,-4.32422,-5.99219,-6.06445,1.30078,-1.96484,-1.49494,0.16444,0.27969
25,6836,3,0.14044,-0.01062,-0.68640,0.71344,2.55859,-5.00391,-5.37500,-6.40039,2.04492,-2.00391,-1.51237,0.17860,0.22023
26,10742,3,0.12408,0.01788,-0.69250,0.71039,2.85156,-4.96875,-5.13672,-6.65625,2.84180,-2.05664,-1.52981,0.19858,0.15520
27,9766,3,0.10840,0.05188,-0.69751,0.70642,2.81250,-5.33984,-5.01562,-6.80664,3.68750,-2.00195,-1.54866,0.22645,0.08299
28,9766,3,0.09564,0.08734,-0.70074,0.70154,1.92188,-7.74219,-4.73828,-6.84961,4.38086,-1.97461,-1.56807,0.25950,0.01219
29,9765,3,0.08490,0.12646,-0.70239,0.69531,1.87500,-8.32422,-4.80469,-6.74219,4.74219,-2.09180,-1.59035,0.29959,-0.06241
30,9766,3,0.07593,0.16730,-0.70282,0.68726,1.87500,-8.15234,-5.10938,-6.60156,4.80078,-2.32031,-1.61739,0.34338,-0.13935
31,9766,3,0.06805,0.20734,-0.70258,0.67731,1.86719,-7.80078,-5.68750,-6.45508,4.54688,-2.60547,-1.64992,0.38601,-0.21667
32,12695,3,0.06024,0.24487,-0.70221,0.66583,0.51562,-7.75781,-7.37500,-6.38672,3.92383,-2.97852,-1.68742,0.42320,-0.29338
33,7812,3,0.05029,0.28229,-0.70197,0.65192,-0.83594,-7.46875,-8.00781,-6.49023,3.06641,-3.30859,-1.73277,0.45413,-0.37692
34,10743,3,0.03687,0.31787,-0.70190,0.63635,-2.12109,-7.39844,-8.54688,-6.67578,2.32031,-3.41602,-1.78299,0.47383,-0.46536
35,9765,3,0.01971,0.35046,-0.70117,0.62061,-2.94531,-7.70703,-8.18750,-6.81445,1.87305,-3.37109,-1.83198,0.48097,-0.55479
36,12696,3,0.00024,0.38068,-0.69922,0.60510,-2.96094,-9.65625,-6.51562,-6.99414,1.65820,-3.25000,-1.87722,0.47918,-0.64301
37,6835,3,-0.01965,0.40839,-0.69586,0.59045,-2.59375,-10.66406,-5.80859,-7.21094,1.98633,-2.95312,-1.91675,0.47226,-0.72651
38,9766,3,-0.04053,0.43793,-0.69025,0.57458,-2.55859,-11.85547,-4.28516,-7.09180,2.70508,-2.49609,-1.95644,0.46374,-0.81542
39,10742,3,-0.05939,0.46930,-0.68219,0.55756,-2.98828,-15.69922,-0.02734,-6.49609,3.00586,-2.06250,-1.99754,0.45815,-0.90715
40,9766,3,-0.07404,0.49994,-0.67285,0.54022,-3.19531,-15.13672,1.60938,-5.43945,2.86914,-1.83789,-2.03927,0.45619,-0.99456
41,10742,3,-0.08502,0.52698,-0.66400,0.52362,-3.35547,-13.64453,2.27734,-4.43945,2.43359,-1.79688,-2.07896,0.45444,-1.07159
42,11719,3,-0.09369,0.54913,-0.65674,0.50830,-4.09375,-12.04688,1.72656,-3.95703,2.14062,-1.57812,-2.11444,0.45025,-1.13587
43,7812,3,-0.10114,0.56720,-0.65063,0.49469,-6.21484,-10.72656,-0.00391,-3.87109,2.06055,-1.35742,-2.14448,0.44402,-1.18942
44,9766,3,-0.10791,0.58398,-0.64423,0.48193,-6.53906,-9.86328,-0.25000,-3.82422,1.78516,-1.22266,-2.17182,0.43770,-1.23949
45,10742,3,-0.11499,0.60089,-0.63666,0.46942,-6.75391,-8.77344,0.00391,-3.66211,1.40820,-1.19336,-2.19747,0.43095,-1.29044
46,9766,3,-0.12231,0.61572,-0.62903,0.45844,-6.73047,-8.03516,0.37891,-3.36133,0.99219,-1.17383,-2.21794,0.42322,-1.33638
47,9765,3,-0.13013,0.62872,-0.62158,0.44879,-6.08984,-6.66016,1.03906,-2.93750,0.49414,-1.17188,-2.23365,0.41431,-1.37782
48,9766,3,-0.13855,0.63934,-0.61475,0.44061,-5.80078,-6.26172,1.48828,-2.59375,0.09961,-1.12695,-2.24403,0.40395,-1.41344
49,9766,3,-0.14734,0.64764,-0.60858,0.43414,-5.66406,-6.21484,2.28125,-2.35156,-0.12109,-0.98242,-2.24910,0.39305,-1.44303
50,12695,3,-0.14734,0.64764,-0.60858,0.43414,-4.41016,-5.96094,3.25781,-2.13672,-0.21875,-0.80273,-2.24910,0.39305,-1.44303
51,7812,3,-0.16412,0.65973,-0.59741,0.42535,-3.95312,-5.86719,3.99219,-1.85938,-0.24805,-0.68164,-2.24928,0.37378,-1.48945
52,9766,3,-0.17169,0.66467,-0.59204,0.42218,-3.52344,-5.78125,4.77344,-1.56055,-0.27539,-0.60547,-2.24728,0.36604,-1.50920
53,9766,3,-0.17834,0.66870,-0.58740,0.41962,-3.24219,-5.78906,5.26953,-1.37109,-0.25195,-0.51562,-2.24481,0.35933,-1.52576
54,10742,3,-0.18408,0.67188,-0.58337,0.41754,-2.94531,-5.68750,5.76953,-1.20703,-0.11523,-0.37891,-2.24212,0.35363,-1.53949
55,9766,3,-0.18408,0.67188,-0.58337,0.41754,-2.75391,-5.74219,6.11719,-1.00391,-0.04102,-0.25195,-2.24212,0.35363,-1.53949
56,9765,3,-0.19244,0.67755,-0.57660,0.41400,-2.59375,-5.60938,6.33203,-0.73438,-0.01367,-0.17383,-2.23935,0.34596,-1.56255
57,9766,3,-0.19513,0.67975,-0.57404,0.41266,-2.26562,-5.14453,6.37109,-0.44922,0.02734,-0.13477,-2.23889,0.34374,-1.57115
58,10742,3,-0.19690,0.68127,-0.57233,0.41168,-2.28125,-4.85156,6.19531,-0.21289,0.12500,-0.04297,-2.23876,0.34221,-1.57702
59,9766,3,-0.19775,0.68231,-0.57141,0.41089,-2.32422,-4.62109,5.84375,0.03711,0.11719,-0.01367,-2.23939,0.34130,-1.58068
60,9765,3,-0.19775,0.68274,-0.57123,0.41040,-2.28125,-4.18359,5.31641,0.28516,0.10352,-0.02148,-2.24039,0.34105,-1.58195
61,9766,3,-0.19727,0.68250,-0.57184,0.41022,-2.36328,-3.60938,4.19922,0.47656,0.02539,-0.02344,-2.24129,0.34090,-1.58081
62,10742,3,-0.19641,0.68146,-0.57330,0.41040,-2.43359,-3.41016,3.58594,0.63672,-0.04688,0.00000,-2.24177,0.34066,-1.57701
63,9766,3,-0.19543,0.67975,-0.57513,0.41101,-2.43359,-3.25000,3.15234,0.80664,-0.07812,0.07031,-2.24135,0.34052,-1.57137
64,9765,3,-0.19415,0.67755,-0.57739,0.41217,-2.46484,-3.12891,2.82422,1.03320,-0.07617,0.16016,-2.24026,0.34088,-1.56390
65,10742,3,-0.19220,0.67480,-0.58008,0.41376,-2.30078,-2.74219,2.50000,1.25195,-0.09961,0.22461,-2.23906,0.34206,-1.55447
66,9766,3,-0.18958,0.67139,-0.58344,0.41583,-2.20312,-2.55078,1.96875,1.35156,-0.14648,0.25977,-2.23764,0.34389,-1.54252
67,9766,3,-0.18658,0.66748,-0.58704,0.41833,-2.21875,-2.33203,1.27734,1.32617,-0.13867,0.32617,-2.23569,0.34629,-1.52903
68,9765,3,-0.18341,0.66345,-0.59064,0.42114,-2.30078,-1.83984,0.46094,1.25586,-0.04688,0.44141,-2.23335,0.34920,-1.51500
69,10743,3,-0.17993,0.65973,-0.59387,0.42395,-2.23047,-1.80859,0.30078,1.21289,0.03320,0.56641,-2.23143,0.35294,-1.50169
70,9765,3,-0.17590,0.65643,-0.59668,0.42676,-2.10156,-1.75000,0.07422,1.22852,0.02344,0.66992,-2.23028,0.35796,-1.48924
71,9766,3,-0.17133,0.65332,-0.59930,0.42981,-2.15234,-1.70312,-0.14062,1.23828,-0.01562,0.76562,-2.22939,0.36422,-1.47679
72,12695,3,-0.17133,0.65332,-0.59930,0.42981,-2.05859,-1.64844,-0.48047,1.21484,-0.08594,0.85156,-2.22939,0.36422,-1.47679
