lineno,time,accurate,i,j,k,r,aX,aY,aZ,gX,gY,gZ,rx,ry,rz
0,1191406,3,0.07281,-0.22485,0.80035,0.55096,-0.93750,0.88281,-2.47266,-0.54688,-0.23633,0.07617,1.99378,-0.37292,-0.30504
1,10743,3,0.07227,-0.22748,0.79993,0.55060,-1.07422,0.96094,-2.64062,-0.66797,-0.31641,0.11328,1.99527,-0.37482,-0.31053
2,9765,3,0.07159,-0.23065,0.79938,0.55017,-1.24609,1.02344,-2.91797,-0.82227,-0.45703,0.14844,1.99702,-0.37713,-0.31718
3,9766,3,0.07098,-0.23486,0.79871,0.54944,-1.69922,0.94141,-3.68359,-1.03320,-0.63477,0.21094,1.99976,-0.38059,-0.32580
4,9766,3,0.07037,-0.24005,0.79791,0.54840,-2.08203,0.83594,-4.05859,-1.32031,-0.86523,0.32422,2.00347,-0.38504,-0.33637
5,10742,3,0.06982,-0.24701,0.79694,0.54681,-2.51953,0.66797,-4.44531,-1.69727,-1.14453,0.50195,2.00900,-0.39134,-0.35042
6,9765,3,0.06921,-0.25592,0.79578,0.54443,-2.82812,0.55078,-4.97266,-2.16602,-1.36523,0.76367,2.01699,-0.39937,-0.36861
7,11719,3,0.06818,-0.26672,0.79462,0.54108,-3.67188,-0.04297,-5.42969,-2.68750,-1.49219,1.09375,2.02799,-0.40824,-0.39138
8,7813,3,0.06604,-0.28064,0.79327,0.53625,-4.05469,-0.23047,-5.21484,-3.11133,-1.62891,1.42773,2.04349,-0.41783,-0.42210
9,10742,3,0.06262,-0.29724,0.79193,0.52972,-4.05859,-0.31641,-5.06250,-3.40234,-1.87500,1.70312,2.06401,-0.42693,-0.46040
10,9765,3,0.05853,-0.31543,0.79047,0.52173,-4.01172,-0.41016,-5.19141,-3.68750,-2.05859,2.02930,2.08849,-0.43531,-0.50365
11,9766,3,0.05414,-0.33490,0.78900,0.51221,-4.34375,-1.60938,-4.87891,-3.91797,-2.15625,2.39258,2.11709,-0.44285,-0.55099
12,10742,3,0.05414,-0.33490,0.78900,0.51221,-4.39062,-1.80859,-4.67578,-3.99219,-2.31445,2.68555,2.11709,-0.44285,-0.55099
13,11719,3,0.04340,-0.37750,0.78601,0.48767,-4.30078,-2.03125,-4.59375,-3.95703,-2.47656,2.95508,2.18781,-0.45160,-0.65922
14,7812,3,0.03778,-0.39880,0.78442,0.47351,-3.98438,-3.26172,-3.89453,-3.87305,-2.61328,3.13672,2.22691,-0.45220,-0.71524
15,9766,3,0.03223,-0.42059,0.78284,0.45740,-3.47266,-3.76953,-3.66797,-3.81836,-2.83789,3.20898,2.27005,-0.45028,-0.77356
16,10742,3,0.02704,-0.44305,0.78094,0.43939,-2.77344,-4.57422,-2.94141,-3.81641,-3.02930,3.29492,2.31703,-0.44626,-0.83428
17,8789,3,0.02258,-0.46484,0.77869,0.42072,-1.45312,-5.29688,-2.01953,-3.82812,-2.97070,3.37695,2.36456,-0.44043,-0.89362
18,10743,3,0.01837,-0.48541,0.77606,0.40216,1.49609,-6.34766,0.73828,-3.76758,-2.70312,3.30664,2.41031,-0.43230,-0.95015
19,12695,3,0.01324,-0.50671,0.77264,0.38214,3.59766,-6.54688,3.25781,-3.41602,-2.18750,3.09180,2.45738,-0.42000,-1.00940
20,6836,3,0.00769,-0.52441,0.76923,0.36493,5.92188,-6.43359,6.18359,-2.52344,-1.55859,2.73438,2.49527,-0.40563,-1.05921
21,10742,3,0.00153,-0.53943,0.76630,0.34900,8.30078,-5.76953,8.75781,-1.26758,-0.97070,2.11523,2.52754,-0.38856,-1.10213
22,9766,3,-0.00403,-0.54932,0.76508,0.33600,11.59766,-4.60156,11.26562,-0.04688,-0.39844,1.31445,2.55142,-0.37146,-1.13129
23,9765,3,-0.00745,-0.55292,0.76599,0.32788,12.13672,-4.21875,10.69141,0.77734,0.18555,0.65820,2.56490,-0.35882,-1.14297
24,10742,3,-0.00946,-0.55170,0.76843,0.32422,11.83203,-4.07812,9.13672,1.20117,0.62695,0.14453,2.56928,-0.35030,-1.14130
25,9766,3,-0.01080,-0.54724,0.77161,0.32422,10.73047,-3.41406,5.62500,1.38281,0.91211,-0.28320,2.56619,-0.34495,-1.13077
26,9766,3,-0.01172,-0.54083,0.77484,0.32703,10.33203,-2.93359,4.30469,1.50781,1.06641,-0.68555,2.55748,-0.34223,-1.11494
27,9765,3,-0.01215,-0.53363,0.77771,0.33203,9.87109,-2.54297,3.69141,1.68359,1.19531,-1.06836,2.54481,-0.34211,-1.09658
28,9766,3,-0.01184,-0.52563,0.78021,0.33887,9.87891,-2.29297,3.67188,1.91797,1.31250,-1.46680,2.52896,-0.34454,-1.07577
29,10742,3,-0.01062,-0.51685,0.78241,0.34729,9.87109,-1.98828,4.06641,2.08008,1.53516,-1.82617,2.51044,-0.34943,-1.05242
30,9766,3,-0.00867,-0.50610,0.78448,0.35834,9.37109,-2.06641,3.84766,2.19531,1.76367,-2.13477,2.48641,-0.35661,-1.02357
31,12695,3,-0.00653,-0.49475,0.78595,0.37073,8.68750,-2.07812,3.27734,2.30273,1.91797,-2.41406,2.45916,-0.36460,-0.99291
32,7813,3,-0.00433,-0.48309,0.78687,0.38391,7.75781,-2.10547,2.51953,2.38281,2.05273,-2.62500,2.42974,-0.37270,-0.96127
33,9765,3,-0.00159,-0.46924,0.78735,0.39990,5.75000,-2.17578,1.22266,2.41406,2.14453,-2.76953,2.39352,-0.38201,-0.92340
34,10742,3,0.00098,-0.45563,0.78717,0.41565,4.86719,-2.13672,0.35938,2.40430,2.17578,-2.87695,2.35695,-0.39012,-0.88626
35,8789,3,0.00372,-0.44153,0.78644,0.43195,3.98438,-2.00391,-0.58203,2.37500,2.14062,-2.94922,2.31840,-0.39768,-0.84768
36,10743,3,0.00659,-0.42761,0.78503,0.44806,2.38281,-1.37109,-1.89453,2.32031,2.08008,-2.97656,2.27957,-0.40451,-0.80950
37,9765,3,0.00977,-0.41315,0.78302,0.46484,1.62891,-1.30078,-2.60547,2.16992,2.02734,-2.94336,2.23848,-0.41086,-0.76959
38,9766,3,0.01288,-0.39935,0.78046,0.48083,0.96094,-1.09766,-3.35156,1.93164,2.00000,-2.87109,2.19858,-0.41606,-0.73149
39,12695,3,0.01288,-0.39935,0.78046,0.48083,0.53906,-0.81250,-3.94531,1.67578,1.98047,-2.78125,2.19858,-0.41606,-0.73149
40,7813,3,0.01758,-0.37457,0.77380,0.51044,-0.29688,0.14062,-4.84766,1.43555,1.88672,-2.71484,2.12264,-0.42204,-0.66343
41,9765,3,0.01910,-0.36304,0.76947,0.52515,-0.73438,0.33594,-5.32422,1.20703,1.75195,-2.68164,2.08409,-0.42321,-0.63196
42,9766,3,0.02039,-0.35260,0.76447,0.53931,-1.17578,0.54688,-5.66406,0.99609,1.55078,-2.65625,2.04659,-0.42408,-0.60331
43,9766,3,0.02179,-0.34363,0.75928,0.55225,-1.57422,0.78125,-6.17188,0.77930,1.26172,-2.63086,2.01216,-0.42532,-0.57808
44,10742,3,0.02344,-0.33606,0.75354,0.56451,-2.77734,0.98438,-7.00391,0.48633,0.91797,-2.57617,1.97939,-0.42767,-0.55569
45,9765,3,0.02551,-0.33032,0.74731,0.57599,-3.21094,0.98047,-7.46484,0.10547,0.60547,-2.48438,1.94881,-0.43196,-0.53667
46,9766,3,0.02777,-0.32666,0.74048,0.58673,-3.61719,0.84766,-7.65625,-0.34375,0.30664,-2.33594,1.92021,-0.43834,-0.52160
47,12695,3,0.02777,-0.32666,0.74048,0.58673,-4.49219,0.48438,-7.75000,-0.77344,0.00000,-2.12305,1.92021,-0.43834,-0.52160
48,7813,3,0.03113,-0.32672,0.72589,0.60449,-4.84375,0.23828,-7.46484,-1.16211,-0.26367,-1.85742,1.87304,-0.45579,-0.50788
49,9765,3,0.03198,-0.33044,0.71796,0.61188,-5.17578,-0.04297,-7.17969,-1.55859,-0.48633,-1.56641,1.85367,-0.46707,-0.50927
50,10743,3,0.03204,-0.33618,0.71033,0.61755,-5.40234,-0.44141,-6.94922,-1.93750,-0.67969,-1.27148,1.83899,-0.47884,-0.51615
51,8789,3,0.03113,-0.34424,0.70258,0.62207,-5.70312,-1.14453,-6.33984,-2.25391,-0.87695,-0.98633,1.82788,-0.49155,-0.52905
52,10742,3,0.02942,-0.35358,0.69543,0.62488,-5.80469,-1.42578,-6.01562,-2.51562,-1.08008,-0.71680,1.82157,-0.50386,-0.54637
53,9765,3,0.02667,-0.36487,0.68805,0.62671,-6.06641,-1.98438,-5.55469,-2.82227,-1.24414,-0.41602,1.81837,-0.51672,-0.56928
54,9766,3,0.02313,-0.37762,0.68079,0.62726,-6.32812,-2.63281,-5.05859,-3.17188,-1.39844,-0.05469,1.81907,-0.52962,-0.59695
55,12695,3,0.01849,-0.39191,0.67377,0.62622,-6.89062,-4.08594,-4.53516,-3.51172,-1.54492,0.36523,1.82452,-0.54187,-0.63025
56,7813,3,0.01276,-0.40698,0.66736,0.62354,-7.16797,-4.59375,-3.87891,-3.76758,-1.64648,0.80664,1.83467,-0.55222,-0.66796
57,9766,3,0.00525,-0.42426,0.66113,0.61877,-7.19922,-5.01562,-3.02344,-3.83984,-1.73438,1.25781,1.85101,-0.56094,-0.71396
58,9765,3,-0.00348,-0.44232,0.65564,0.61194,-6.81641,-5.57031,-1.40234,-3.71094,-1.86328,1.67188,1.87290,-0.56663,-0.76494
59,9766,3,-0.01276,-0.46039,0.65125,0.60315,-6.41016,-5.57422,-0.54297,-3.41992,-2.00781,2.04492,1.89969,-0.56893,-0.81835
60,10742,3,-0.02173,-0.47766,0.64832,0.59253,-5.89844,-5.20703,0.16797,-3.07227,-2.05469,2.36914,1.93070,-0.56790,-0.87133
61,12695,3,-0.03027,-0.49384,0.64685,0.58032,-5.24609,-4.84766,0.95703,-2.75195,-1.96094,2.66797,1.96485,-0.56334,-0.92267
62,6836,3,-0.03839,-0.50818,0.64685,0.56738,-3.28906,-4.04688,1.62891,-2.50781,-1.81445,2.86133,1.99944,-0.55503,-0.96978
63,10742,3,-0.04688,-0.52124,0.64795,0.55347,-2.03125,-3.51953,1.91016,-2.34375,-1.65234,2.93555,2.03440,-0.54242,-1.01450
64,9766,3,-0.05621,-0.53375,0.64972,0.53833,-0.92578,-3.21875,2.30469,-2.16797,-1.52930,2.91797,2.06992,-0.52548,-1.05871
65,9766,3,-0.06519,-0.54437,0.65167,0.52411,0.15625,-3.05859,2.70703,-1.92578,-1.37305,2.85547,2.10105,-0.50714,-1.09706
66,9765,3,-0.07379,-0.55371,0.65375,0.51038,3.35547,-2.54297,3.62500,-1.67578,-1.11523,2.68945,2.12931,-0.48789,-1.13127
67,10742,3,-0.08221,-0.56171,0.65601,0.49738,5.36719,-2.46875,4.36328,-1.36328,-0.81445,2.41406,2.15423,-0.46776,-1.16121
68,9766,3,-0.09033,-0.56799,0.65820,0.48578,7.35547,-2.22266,5.26172,-0.89648,-0.43359,1.98047,2.17447,-0.44774,-1.18592
69,11719,3,-0.09033,-0.56799,0.65820,0.48578,11.41797,-1.26172,7.21875,-0.30469,-0.03906,1.33789,2.17447,-0.44774,-1.18592
70,7812,3,-0.10284,-0.57373,0.66241,0.47058,13.00781,-0.83203,8.03906,0.38672,0.34375,0.49219,2.19668,-0.41559,-1.21288
71,10743,3,-0.10614,-0.57275,0.66443,0.46820,13.93359,-0.56250,8.33984,1.03516,0.68555,-0.41406,2.19794,-0.40638,-1.21337
72,9765,3,-0.10651,-0.56903,0.66614,0.47021,14.29688,-0.54688,8.09766,1.52148,1.05273,-1.19531,2.19197,-0.40416,-1.20403
73,9766,3,-0.10425,-0.56299,0.66724,0.47638,12.91406,-1.50000,6.95312,1.81641,1.46094,-1.72070,2.17901,-0.40856,-1.18617
74,10742,3,-0.10065,-0.55524,0.66760,0.48572,11.64062,-1.94531,5.93359,2.00977,1.81250,-2.07422,2.15977,-0.41696,-1.16231
75,9766,3,-0.09637,-0.54572,0.66718,0.49774,10.46875,-2.16797,4.86328,2.13477,2.05078,-2.33398,2.13410,-0.42758,-1.13298
76,9765,3,-0.09174,-0.53497,0.66614,0.51147,8.40625,-2.30469,3.23438,2.24023,2.21289,-2.51367,2.10380,-0.43902,-1.09979
77,9766,3,-0.08698,-0.52332,0.66455,0.52625,7.30859,-2.41406,2.73828,2.33594,2.36328,-2.61328,2.06997,-0.45025,-1.06382
78,10742,3,-0.08191,-0.51056,0.66248,0.54193,6.36328,-2.54688,2.26562,2.36133,2.48828,-2.65234,2.03276,-0.46104,-1.02460
79,8789,3,-0.07703,-0.49725,0.65997,0.55786,5.35938,-2.69922,1.60156,2.33008,2.60742,-2.64453,1.99350,-0.47029,-0.98399
80,10742,3,-0.07257,-0.48370,0.65723,0.57343,3.63281,-2.27344,0.40234,2.27539,2.65039,-2.61523,1.95366,-0.47726,-0.94328
81,12696,3,-0.06824,-0.46881,0.65381,0.59003,2.82031,-1.91016,-0.46875,2.22070,2.60352,-2.60156,1.90964,-0.48248,-0.89930
82,6836,3,-0.06439,-0.45520,0.65027,0.60480,2.13672,-1.57031,-1.22656,2.19336,2.45898,-2.63477,1.86937,-0.48575,-0.85952
83,10742,3,-0.06012,-0.44098,0.64612,0.62006,1.60938,-1.27734,-1.92188,2.15234,2.25391,-2.68359,1.82706,-0.48835,-0.81787
84,9765,3,-0.05475,-0.42657,0.64154,0.63519,0.42578,-0.74609,-2.89844,1.99023,2.09180,-2.70703,1.78457,-0.49118,-0.77481
85,9766,3,-0.04944,-0.41400,0.63672,0.64862,-0.14062,-0.61328,-3.59375,1.75000,1.88086,-2.71484,1.74622,-0.49397,-0.73644
86,10742,3,-0.04407,-0.40222,0.63116,0.66174,-0.69922,-0.55469,-4.21094,1.52539,1.65234,-2.68750,1.70808,-0.49691,-0.69963
87,9766,3,-0.03864,-0.39166,0.62494,0.67426,-1.54297,-0.18359,-4.58203,1.34180,1.43164,-2.66797,1.67107,-0.50048,-0.66532
88,9765,3,-0.03333,-0.38245,0.61829,0.68579,-1.92578,-0.30469,-4.69922,1.12695,1.21680,-2.61914,1.63610,-0.50450,-0.63411
89,9766,3,-0.02820,-0.37445,0.61102,0.69684,-2.31250,-0.46875,-4.90234,0.84375,1.02930,-2.52930,1.60194,-0.50915,-0.60542
90,9766,3,-0.02356,-0.36792,0.60352,0.70703,-2.75000,-0.44141,-5.11719,0.53516,0.88281,-2.41211,1.56982,-0.51416,-0.58030
91,12695,3,-0.01965,-0.36292,0.59589,0.71613,-3.47656,-0.41406,-5.30859,0.24805,0.76953,-2.24023,1.54034,-0.51940,-0.55935
92,7812,3,-0.01660,-0.35895,0.58783,0.72479,-3.87891,-0.44922,-5.41016,-0.01758,0.60547,-2.07422,1.51159,-0.52454,-0.54143
93,9766,3,-0.01440,-0.35620,0.57953,0.73285,-4.19141,-0.48828,-5.56641,-0.28125,0.38867,-1.92188,1.48430,-0.52983,-0.52697
94,10742,3,-0.01294,-0.35492,0.57147,0.73981,-4.54688,-0.50781,-5.70312,-0.53711,0.16406,-1.73828,1.46018,-0.53558,-0.51663
95,9766,3,-0.01208,-0.35522,0.56348,0.74579,-5.28906,-0.57812,-5.80859,-0.80469,-0.02930,-1.50586,1.43888,-0.54242,-0.51030
96,9766,3,-0.01202,-0.35693,0.55591,0.75061,-5.69531,-0.76953,-5.82422,-1.11914,-0.19336,-1.23242,1.42115,-0.54975,-0.50819
97,9765,3,-0.01300,-0.36005,0.54883,0.75427,-5.98828,-0.96094,-5.82422,-1.46094,-0.38086,-0.94336,1.40716,-0.55731,-0.51073
98,10742,3,-0.01526,-0.36475,0.54205,0.75690,-6.59766,-1.31250,-5.85938,-1.76758,-0.61719,-0.65430,1.39671,-0.56524,-0.51854
99,9766,3,-0.01868,-0.37109,0.53577,0.75818,-6.88672,-1.54688,-5.76562,-2.03711,-0.90039,-0.35352,1.39071,-0.57368,-0.53191
100,9766,3,-0.02307,-0.37915,0.53003,0.75812,-7.12109,-1.74609,-5.67969,-2.30469,-1.17773,0.00000,1.38942,-0.58290,-0.55076
101,12695,3,-0.02832,-0.38879,0.52509,0.75653,-7.34375,-1.94922,-5.52344,-2.60352,-1.42383,0.38281,1.39354,-0.59260,-0.57505
102,7812,3,-0.03448,-0.39972,0.52100,0.75336,-7.26953,-2.27734,-5.57422,-2.90625,-1.65039,0.78906,1.40314,-0.60208,-0.60461
103,9766,3,-0.04248,-0.41309,0.51746,0.74817,-7.03125,-2.24219,-5.46484,-3.19727,-1.87695,1.16797,1.41979,-0.61160,-0.64327
104,9766,3,-0.05145,-0.42731,0.51483,0.74139,-6.63281,-2.26562,-5.39062,-3.43555,-2.12305,1.52148,1.44187,-0.61953,-0.68692
105,9765,3,-0.06158,-0.44287,0.51294,0.73279,-6.41406,-2.24609,-5.22266,-3.66602,-2.38672,1.84180,1.47002,-0.62596,-0.73689
106,10742,3,-0.07263,-0.45953,0.51154,0.72241,-5.74609,-2.67578,-5.46094,-3.91992,-2.68164,2.18164,1.50350,-0.63061,-0.79238
107,11719,3,-0.08453,-0.47748,0.51062,0.71002,-5.46484,-2.82422,-5.16406,-4.19727,-2.74023,2.55859,1.54281,-0.63318,-0.85381
108,7813,3,-0.09735,-0.49573,0.51013,0.69611,-5.25781,-3.14062,-4.04297,-4.34766,-2.65039,2.87891,1.58560,-0.63208,-0.91877
109,9765,3,-0.11200,-0.51422,0.50989,0.68048,-4.55078,-3.47656,-2.95703,-4.29688,-2.49609,3.11719,1.63105,-0.62564,-0.98807
110,10743,3,-0.12885,-0.53308,0.51001,0.66266,-2.05859,-4.03125,-0.48828,-3.99414,-2.46094,3.21875,1.67927,-0.61270,-1.06210
111,9765,3,-0.14478,-0.54956,0.51068,0.64514,-0.42578,-3.73047,0.21875,-3.60742,-2.44141,3.20508,1.72320,-0.59587,-1.12879
112,9766,3,-0.15955,-0.56451,0.51196,0.62750,0.50781,-3.48047,1.10156,-3.26953,-2.22266,3.16406,1.76473,-0.57652,-1.18981
113,12695,3,-0.17297,-0.57745,0.51373,0.61053,1.91797,-3.56641,2.05078,-2.96094,-1.98633,3.02930,1.80200,-0.55549,-1.24332
114,7813,3,-0.18616,-0.58905,0.51575,0.59363,2.81250,-3.37109,2.33984,-2.65625,-1.90234,2.74219,1.83606,-0.53207,-1.29249
115,9765,3,-0.19830,-0.59949,0.51764,0.57733,3.55078,-3.58984,2.71484,-2.39648,-1.79102,2.43359,1.86671,-0.50856,-1.33676
116,9766,3,-0.20868,-0.60883,0.51923,0.56226,4.16016,-3.87891,3.50781,-2.07617,-1.55664,2.21289,1.89390,-0.48698,-1.37547
117,10742,3,-0.21759,-0.61682,0.52057,0.54877,5.75781,-3.47656,4.39453,-1.73633,-1.28516,1.95898,1.91704,-0.46728,-1.40842
118,9766,3,-0.21759,-0.61682,0.52057,0.54877,6.27344,-3.32031,4.70703,-1.42969,-0.95117,1.68945,1.91704,-0.46728,-1.40842
119,9765,3,-0.23260,-0.62854,0.52301,0.52661,6.26953,-3.19141,5.04688,-1.08594,-0.65039,1.39453,1.95118,-0.43198,-1.45859
120,9766,3,-0.23834,-0.63196,0.52393,0.51892,6.28516,-2.95703,5.03516,-0.74023,-0.41992,1.07812,1.96124,-0.41823,-1.47478
121,10742,3,-0.24341,-0.63434,0.52490,0.51263,6.01172,-2.82812,4.60938,-0.42383,-0.25781,0.72852,1.96856,-0.40591,-1.48723
122,9766,3,-0.24689,-0.63568,0.52576,0.50842,5.93750,-2.78906,4.40234,-0.13867,-0.12695,0.39844,1.97312,-0.39716,-1.49495
123,9765,3,-0.24890,-0.63629,0.52649,0.50598,5.87109,-2.76562,4.28125,0.09961,0.07227,0.15234,1.97569,-0.39175,-1.49891
124,9766,3,-0.24976,-0.63611,0.52710,0.50513,5.35547,-2.78516,4.16406,0.31445,0.30859,0.00000,1.97623,-0.38908,-1.49943
125,10742,3,-0.24994,-0.63495,0.52771,0.50586,5.09766,-2.71094,3.98828,0.53320,0.52734,-0.08984,1.97413,-0.38828,-1.49646
126,9766,3,-0.24988,-0.63287,0.52838,0.50781,4.90625,-2.59375,3.78125,0.72461,0.69141,-0.15625,1.96960,-0.38838,-1.49066
127,9765,3,-0.24945,-0.62988,0.52924,0.51080,4.63672,-2.44922,3.42578,0.86523,0.80273,-0.21680,1.96307,-0.38921,-1.48201
128,9766,3,-0.24884,-0.62610,0.53027,0.51465,3.85547,-2.08203,2.78906,0.97070,0.87500,-0.26367,1.95476,-0.39038,-1.47100
129,10742,3,-0.24792,-0.62177,0.53149,0.51910,3.49609,-1.98438,2.56250,1.05859,0.91406,-0.31055,1.94538,-0.39193,-1.45814
130,9766,3,-0.24677,-0.61713,0.53278,0.52386,3.13281,-1.84766,2.46875,1.15625,0.93750,-0.37500,1.93547,-0.39373,-1.44426
131,9765,3,-0.24530,-0.61224,0.53406,0.52893,2.94922,-1.60156,2.63672,1.26953,0.96875,-0.46094,1.92512,-0.39592,-1.42946
132,9766,3,-0.24335,-0.60699,0.53546,0.53442,2.92578,-1.50781,2.60156,1.38867,1.01758,-0.56445,1.91425,-0.39866,-1.41317
133,10742,3,-0.24084,-0.60132,0.53693,0.54053,2.85547,-1.35547,2.63672,1.54492,1.10156,-0.66992,1.90251,-0.40216,-1.39509
134,9766,3,-0.23785,-0.59528,0.53833,0.54706,2.70312,-1.25000,2.54297,1.70703,1.15039,-0.81055,1.89005,-0.40630,-1.37563
135,9766,3,-0.23438,-0.58905,0.53967,0.55396,2.35156,-1.11328,2.09375,1.82422,1.18164,-0.92773,1.87711,-0.41112,-1.35510
136,10742,3,-0.22980,-0.58167,0.54114,0.56219,1.87500,-1.13672,1.68359,1.89648,1.18945,-1.00391,1.86179,-0.41731,-1.33030
137,9765,3,-0.22498,-0.57434,0.54236,0.57037,1.50391,-1.22266,1.35156,1.95117,1.20312,-1.02930,1.84643,-0.42373,-1.30550
138,9766,3,-0.21973,-0.56683,0.54358,0.57867,1.17578,-1.27344,1.17969,2.00586,1.24219,-1.01367,1.83081,-0.43034,-1.27976
139,12695,3,-0.21448,-0.55914,0.54486,0.58691,0.66016,-1.05078,0.98828,2.01953,1.26758,-0.99219,1.81491,-0.43634,-1.25357
140,7813,3,-0.20935,-0.55127,0.54608,0.59503,0.23047,-1.10547,0.77734,2.03125,1.26953,-0.93359,1.79865,-0.44162,-1.22721
141,9765,3,-0.20410,-0.54297,0.54742,0.60321,-0.16797,-1.16797,0.55078,2.12891,1.24805,-0.85742,1.78184,-0.44625,-1.19978
142,9766,3,-0.19855,-0.53394,0.54907,0.61157,-0.69922,-1.05078,0.65625,2.28711,1.20703,-0.76758,1.76427,-0.45009,-1.17037
143,9766,3,-0.19293,-0.52484,0.55121,0.61926,-1.06641,-1.16016,0.61328,2.45703,1.14648,-0.68359,1.74806,-0.45264,-1.14111
144,10742,3,-0.18689,-0.51532,0.55402,0.62659,-1.27344,-1.20703,0.55469,2.64453,1.06055,-0.65820,1.73280,-0.45414,-1.11067
145,8789,3,-0.18024,-0.50543,0.55731,0.63354,-1.43359,-1.21875,0.60938,2.88281,1.05273,-0.58789,1.71852,-0.45511,-1.07910
146,10742,3,-0.17310,-0.49536,0.56116,0.64014,-0.52344,-0.82031,2.00781,2.94336,1.23047,-0.88086,1.70543,-0.45551,-1.04681
147,12695,3,-0.16473,-0.48358,0.56512,0.64777,-1.18359,-0.49609,1.18359,3.13477,1.22266,-1.08594,1.68968,-0.45596,-1.00938
