lineno,time,accurate,i,j,k,r,aX,aY,aZ,gX,gY,gZ,rx,ry,rz
0,1222656,3,0.28070,-0.27466,0.07623,0.91650,-1.27734,-0.51562,-2.29297,-0.19336,0.12891,-0.04688,-0.01726,-0.57786,0.59954
1,8789,3,0.28009,-0.27405,0.07599,0.91687,-1.53125,-0.50781,-2.73047,-0.29102,0.16016,0.01758,-0.01691,-0.57652,0.59798
2,10742,3,0.27905,-0.27338,0.07593,0.91742,-1.98438,-0.45312,-3.24609,-0.37891,0.17578,0.08398,-0.01580,-0.57515,0.59523
3,9766,3,0.27734,-0.27277,0.07605,0.91809,-2.27344,-0.38672,-3.72656,-0.47852,0.17188,0.15234,-0.01388,-0.57405,0.59084
4,10742,3,0.27515,-0.27222,0.07635,0.91888,-2.60938,-0.34766,-4.13281,-0.61328,0.17188,0.23047,-0.01128,-0.57317,0.58520
5,8789,3,0.27234,-0.27185,0.07690,0.91980,-2.91016,-0.26953,-4.54688,-0.80664,0.15820,0.32617,-0.00785,-0.57279,0.57803
6,10742,3,0.26868,-0.27167,0.07758,0.92084,-3.78906,-0.24609,-5.46875,-1.03906,0.14062,0.45508,-0.00370,-0.57286,0.56888
7,9766,3,0.26392,-0.27179,0.07843,0.92212,-4.21875,-0.22656,-5.85156,-1.30078,0.09570,0.61523,0.00141,-0.57360,0.55709
8,9765,3,0.25775,-0.27234,0.07959,0.92365,-4.57812,-0.18750,-6.21484,-1.62695,0.08789,0.81250,0.00791,-0.57530,0.54193
9,10743,3,0.25006,-0.27338,0.08112,0.92529,-5.20703,-0.62891,-6.46875,-2.01172,0.10352,1.01758,0.01599,-0.57814,0.52314
10,9765,3,0.24030,-0.27478,0.08307,0.92731,-5.46875,-0.64062,-6.65234,-2.39258,0.02148,1.21680,0.02634,-0.58178,0.49923
11,9766,3,0.22858,-0.27667,0.08539,0.92950,-5.76953,-0.84375,-6.76953,-2.81445,-0.09375,1.50977,0.03873,-0.58636,0.47056
12,9766,3,0.21460,-0.27942,0.08813,0.93170,-6.12109,-1.11328,-6.62500,-3.28320,-0.26367,1.84375,0.05344,-0.59260,0.43645
13,10742,3,0.19861,-0.28320,0.09149,0.93378,-5.72656,-1.37500,-6.62891,-3.85938,-0.45117,2.10742,0.07082,-0.60075,0.39720
14,9765,3,0.17957,-0.28833,0.09534,0.93573,-5.19141,-1.55078,-6.55078,-4.52930,-0.63086,2.38867,0.09154,-0.61114,0.35029
15,9766,3,0.15619,-0.29498,0.09955,0.93738,-4.74609,-1.51172,-6.39062,-5.22656,-0.74805,2.70312,0.11667,-0.62379,0.29256
16,9766,3,0.12952,-0.30255,0.10388,0.93854,-4.49609,-1.52734,-6.14062,-5.89844,-0.85352,3.06836,0.14560,-0.63707,0.22617
17,10742,3,0.09949,-0.31091,0.10852,0.93896,-3.59375,-2.65625,-5.35938,-6.42969,-0.83203,3.45508,0.17929,-0.65035,0.15053
18,9765,3,0.06696,-0.31934,0.11377,0.93842,-3.30469,-3.28906,-4.82422,-6.76367,-0.68359,3.92383,0.21819,-0.66183,0.06724
19,9766,3,0.02930,-0.32788,0.12054,0.93652,-2.67188,-4.22266,-3.75000,-6.87695,-0.50000,4.37109,0.26677,-0.67030,-0.03085
20,9766,3,-0.00879,-0.33502,0.12866,0.93335,-0.61719,-6.60547,-1.05859,-6.84766,-0.33203,4.61914,0.32004,-0.67272,-0.13158
21,10742,3,-0.04858,-0.34100,0.13831,0.92859,0.45703,-7.00391,0.10938,-6.79883,-0.13477,4.64258,0.37850,-0.66853,-0.23739
22,9765,3,-0.08600,-0.34515,0.14777,0.92285,1.22266,-7.41797,1.45312,-6.60547,-0.03516,4.54688,0.43318,-0.65811,-0.33583
23,9766,3,-0.12628,-0.34839,0.15790,0.91528,2.24609,-7.44922,2.58203,-6.08398,-0.02148,4.41406,0.48969,-0.64084,-0.43967
24,9766,3,-0.16119,-0.35034,0.16705,0.90741,3.31250,-7.94141,4.95312,-5.34766,-0.16602,4.12305,0.53713,-0.62111,-0.52781
25,10742,3,-0.19568,-0.35199,0.17694,0.89807,3.88281,-7.53125,5.90234,-4.51562,-0.37109,3.59961,0.58379,-0.59796,-0.61377
26,9766,3,-0.22327,-0.35358,0.18573,0.88916,5.16797,-7.14844,6.95703,-3.52734,-0.58398,2.88672,0.62198,-0.57741,-0.68237
27,9765,3,-0.24719,-0.35583,0.19403,0.88013,6.84766,-6.51953,7.82812,-2.52930,-0.87305,1.99414,0.65659,-0.55912,-0.74256
28,10742,3,-0.26416,-0.35895,0.20050,0.87244,8.59766,-6.17578,8.34375,-1.63086,-1.06641,1.14258,0.68387,-0.54733,-0.78717
29,9766,3,-0.27490,-0.36316,0.20508,0.86627,9.08594,-6.17188,8.54688,-0.96289,-1.08203,0.44922,0.70514,-0.54272,-0.81861
30,9766,3,-0.28076,-0.36810,0.20782,0.86169,9.53906,-6.33203,8.41016,-0.51758,-0.94727,-0.03516,0.72106,-0.54412,-0.83954
31,10742,3,-0.28314,-0.37286,0.20892,0.85858,9.95312,-6.96484,8.39062,-0.10547,-0.60352,-0.34961,0.73169,-0.54914,-0.85209
32,8789,3,-0.28320,-0.37683,0.20874,0.85687,9.94141,-7.18750,8.63672,0.36328,-0.21484,-0.52344,0.73736,-0.55572,-0.85793
33,10742,3,-0.28131,-0.37915,0.20782,0.85669,9.77344,-7.11328,8.80469,0.94727,0.11914,-0.66797,0.73800,-0.56179,-0.85679
34,9766,3,-0.27716,-0.37952,0.20673,0.85815,9.49609,-6.85938,8.68750,1.48438,0.41406,-0.80273,0.73400,-0.56660,-0.84770
35,9765,3,-0.27063,-0.37811,0.20557,0.86108,8.27734,-5.82031,7.40625,1.85352,0.66992,-0.99023,0.72588,-0.57037,-0.83079
36,10742,3,-0.26239,-0.37537,0.20428,0.86517,7.59375,-5.14062,6.37109,2.15039,0.85547,-1.22266,0.71441,-0.57318,-0.80802
37,9766,3,-0.25238,-0.37146,0.20233,0.87030,6.84375,-4.31641,5.54688,2.55078,0.91211,-1.56055,0.69887,-0.57569,-0.77944
38,9766,3,-0.24030,-0.36694,0.19952,0.87628,6.12500,-3.49219,4.94531,2.94727,0.80469,-2.00000,0.67950,-0.57897,-0.74507
39,9765,3,-0.22571,-0.36249,0.19580,0.88281,4.77344,-2.48828,3.33594,3.17188,0.67578,-2.38672,0.65685,-0.58429,-0.70487
40,10743,3,-0.20905,-0.35870,0.19086,0.88953,3.93750,-2.48438,2.48828,3.17188,0.59180,-2.63867,0.63108,-0.59237,-0.66022
41,9765,3,-0.19067,-0.35535,0.18463,0.89624,3.12500,-2.58984,1.52734,3.07812,0.53516,-2.73047,0.60177,-0.60233,-0.61142
42,9766,3,-0.17297,-0.35248,0.17780,0.90234,1.85938,-2.16016,0.48047,3.03320,0.47266,-2.74805,0.57168,-0.61212,-0.56399
43,10742,3,-0.15430,-0.34973,0.17017,0.90826,1.50391,-2.23047,0.32422,3.04492,0.48438,-2.72852,0.53889,-0.62214,-0.51366
44,9766,3,-0.13660,-0.34705,0.16284,0.91345,1.23438,-2.49609,0.49219,3.14648,0.54297,-2.66992,0.50713,-0.63047,-0.46550
45,9765,3,-0.11774,-0.34387,0.15527,0.91858,1.10156,-2.64844,0.41797,3.30859,0.55273,-2.62695,0.47321,-0.63749,-0.41376
46,9766,3,-0.09821,-0.34021,0.14807,0.92340,0.90234,-2.42578,0.05469,3.31445,0.63086,-2.55664,0.43902,-0.64254,-0.36013
47,10742,3,-0.07910,-0.33624,0.14136,0.92773,0.60547,-2.51953,-0.48047,3.21680,0.67188,-2.50391,0.40598,-0.64542,-0.30755
48,9766,3,-0.06024,-0.33185,0.13483,0.93170,0.32812,-2.25000,-1.21094,3.15234,0.60938,-2.49609,0.37337,-0.64616,-0.25545
49,9765,3,-0.04169,-0.32739,0.12817,0.93524,-0.52344,-1.83594,-1.66016,3.07617,0.47852,-2.51367,0.34088,-0.64560,-0.20410
50,9766,3,-0.02319,-0.32330,0.12134,0.93823,-0.97656,-1.98047,-1.89062,2.94727,0.37500,-2.49219,0.30849,-0.64475,-0.15321
51,10742,3,-0.00543,-0.31970,0.11438,0.94055,-1.24219,-2.01953,-2.09766,2.87305,0.30664,-2.44336,0.27687,-0.64372,-0.10440
52,8789,3,0.01208,-0.31647,0.10730,0.94244,-1.32031,-2.00391,-2.17578,2.84766,0.31836,-2.35156,0.24550,-0.64237,-0.05640
53,10742,3,0.02869,-0.31335,0.10065,0.94385,-1.60938,-2.05078,-1.82422,2.88086,0.35938,-2.24219,0.21616,-0.64013,-0.01113
54,9766,3,0.04541,-0.30994,0.09430,0.94495,-1.43359,-1.98047,-1.73047,3.06055,0.33008,-2.21680,0.18771,-0.63645,0.03404
55,10742,3,0.06329,-0.30627,0.08813,0.94574,-1.12500,-2.08594,-1.35547,3.10547,0.33789,-2.22461,0.15919,-0.63164,0.08154
56,9766,3,0.08148,-0.30249,0.08215,0.94611,-1.24219,-2.69141,-1.39453,2.95312,0.34375,-2.15820,0.13136,-0.62582,0.12927
57,9765,3,0.09863,-0.29877,0.07642,0.94611,-1.73047,-2.42969,-2.52734,2.74414,0.37305,-2.07812,0.10539,-0.61926,0.17401
58,10743,3,0.11523,-0.29486,0.07062,0.94592,-1.90625,-2.47656,-2.69531,2.58203,0.38086,-1.99219,0.08026,-0.61153,0.21710
59,9765,3,0.13068,-0.29095,0.06494,0.94556,-2.10938,-2.67969,-2.59766,2.57227,0.37695,-1.87305,0.05682,-0.60309,0.25699
60,9766,3,0.14551,-0.28705,0.05969,0.94489,-2.18750,-2.75391,-1.99219,2.60742,0.37891,-1.75781,0.03533,-0.59422,0.29477
61,9765,3,0.16034,-0.28308,0.05499,0.94397,-2.00781,-2.82812,-2.06641,2.58008,0.42383,-1.67188,0.01565,-0.58489,0.33179
62,10743,3,0.17419,-0.27930,0.05103,0.94287,-1.86328,-2.79688,-2.32812,2.52930,0.49609,-1.60742,-0.00129,-0.57577,0.36576
63,8789,3,0.18890,-0.27490,0.04694,0.94159,-1.69141,-2.86328,-2.34766,2.49609,0.51953,-1.60156,-0.01832,-0.56498,0.40130
64,10742,3,0.20221,-0.27057,0.04327,0.94025,-1.75781,-2.39453,-2.70703,2.46094,0.44141,-1.64648,-0.03299,-0.55423,0.43305
65,9766,3,0.21643,-0.26599,0.03925,0.93854,-1.97266,-2.21484,-3.25781,2.31445,0.32812,-1.65625,-0.04844,-0.54250,0.46676
66,10742,3,0.22986,-0.26190,0.03491,0.93665,-2.22266,-1.85938,-3.87500,2.02344,0.24609,-1.57031,-0.06384,-0.53134,0.49868
67,9765,3,0.24200,-0.25836,0.03046,0.93475,-2.48047,-1.67969,-4.41797,1.65234,0.23047,-1.47070,-0.07861,-0.52100,0.52763
68,9766,3,0.25250,-0.25513,0.02588,0.93298,-2.97656,-0.88672,-4.95312,1.32227,0.28516,-1.30078,-0.09249,-0.51110,0.55280
69,10742,3,0.26117,-0.25201,0.02161,0.93158,-2.89062,-0.52344,-4.70703,1.14062,0.30664,-1.20508,-0.10440,-0.50158,0.57344
70,8789,3,0.26819,-0.24896,0.01776,0.93048,-2.50781,-0.25000,-4.55469,0.93555,0.27734,-1.16797,-0.11428,-0.49250,0.58999
71,10742,3,0.27466,-0.24585,0.01373,0.92950,-2.62109,0.03906,-5.01172,0.60938,0.26758,-1.09375,-0.12399,-0.48314,0.60521
72,9766,3,0.27960,-0.24298,0.00977,0.92883,-2.82031,0.24219,-5.36328,0.27148,0.31836,-0.98438,-0.13274,-0.47442,0.61693
73,9766,3,0.28290,-0.24017,0.00580,0.92859,-2.85547,0.48047,-5.39453,-0.03906,0.31250,-0.90234,-0.14051,-0.46600,0.62484
74,9765,3,0.28455,-0.23737,0.00201,0.92883,-2.97656,0.66016,-5.67188,-0.36133,0.19727,-0.81445,-0.14695,-0.45791,0.62884
75,10742,3,0.28461,-0.23511,-0.00165,0.92938,-3.33594,1.05859,-6.41406,-0.75391,0.06445,-0.72461,-0.15270,-0.45121,0.62944
76,9766,3,0.28284,-0.23334,-0.00586,0.93036,-3.40234,1.10547,-6.67578,-1.20117,-0.01758,-0.58594,-0.15901,-0.44542,0.62634
77,9766,3,0.27905,-0.23224,-0.01007,0.93170,-3.71094,1.10547,-6.72266,-1.60352,-0.04492,-0.42969,-0.16485,-0.44133,0.61907
78,9765,3,0.27313,-0.23163,-0.01404,0.93359,-3.80078,1.14453,-6.63281,-1.92188,-0.09375,-0.28711,-0.16953,-0.43875,0.60712
79,10743,3,0.27313,-0.23163,-0.01404,0.93359,-3.87109,1.04297,-6.37500,-2.16992,-0.17773,-0.15820,-0.16953,-0.43875,0.60712
80,9765,3,0.25598,-0.23145,-0.02130,0.93829,-3.74609,1.02734,-6.15234,-2.36328,-0.30273,-0.09961,-0.17584,-0.43725,0.57183
81,9766,3,0.24542,-0.23218,-0.02478,0.94086,-3.48438,0.96484,-5.74219,-2.57812,-0.42969,-0.03906,-0.17834,-0.43868,0.55018
82,10742,3,0.23401,-0.23346,-0.02826,0.94336,-3.20312,0.10938,-4.75391,-2.81641,-0.45703,0.06445,-0.18080,-0.44145,0.52698
83,9766,3,0.22089,-0.23523,-0.03180,0.94598,-3.08203,-0.29297,-3.96484,-3.00977,-0.39062,0.18750,-0.18285,-0.44559,0.50031
84,9765,3,0.20758,-0.23676,-0.03479,0.94849,-2.81250,-0.52734,-3.45703,-3.11523,-0.35938,0.28125,-0.18345,-0.44969,0.47298
85,10742,3,0.19214,-0.23828,-0.03766,0.95123,-2.50000,-0.84375,-3.01172,-3.22461,-0.30859,0.40625,-0.18266,-0.45434,0.44095
86,9766,3,0.17615,-0.23962,-0.03998,0.95392,-2.50000,-2.06250,-2.04297,-3.43359,-0.18945,0.59570,-0.18022,-0.45903,0.40741
87,9766,3,0.16010,-0.24048,-0.04156,0.95648,-2.60938,-2.27344,-1.93750,-3.74414,-0.10547,0.80469,-0.17583,-0.46307,0.37324
88,9765,3,0.14203,-0.24097,-0.04242,0.95917,-2.67969,-2.25781,-2.18359,-4.04297,-0.04688,0.94922,-0.16858,-0.46698,0.33420
89,9766,3,0.12231,-0.24109,-0.04266,0.96185,-2.77734,-1.98438,-2.39844,-4.16406,-0.16602,1.01562,-0.15890,-0.47048,0.29113
90,10742,3,0.10138,-0.24127,-0.04272,0.96423,-2.34375,-1.70703,-2.21094,-4.23242,-0.34961,1.04102,-0.14813,-0.47416,0.24536
91,9766,3,0.07971,-0.24207,-0.04266,0.96606,-2.39062,-1.69141,-2.15625,-4.39844,-0.53906,1.09570,-0.13679,-0.47898,0.19810
92,9765,3,0.05768,-0.24365,-0.04254,0.96722,-2.70312,-1.62500,-2.53906,-4.54102,-0.80078,1.18555,-0.12513,-0.48523,0.15013
93,12696,3,0.03503,-0.24615,-0.04236,0.96765,-2.69141,-2.16797,-2.43359,-4.70117,-1.02148,1.35547,-0.11289,-0.49318,0.10082
94,7812,3,0.01129,-0.24976,-0.04169,0.96735,-2.84375,-2.37500,-2.41797,-5.00391,-1.16016,1.61133,-0.09866,-0.50323,0.04873
95,9766,3,-0.01556,-0.25427,-0.04022,0.96619,-2.93750,-2.47656,-2.69922,-5.46875,-1.20898,1.89258,-0.08030,-0.51506,-0.01105
96,9765,3,-0.04285,-0.25867,-0.03790,0.96429,-2.71875,-2.53906,-2.89062,-5.97266,-1.20898,2.18164,-0.05893,-0.52601,-0.07294
97,10743,3,-0.07324,-0.26294,-0.03479,0.96143,-1.84766,-3.49219,-3.16406,-6.37500,-1.27344,2.48438,-0.03301,-0.53596,-0.14300
98,9765,3,-0.10443,-0.26672,-0.03094,0.95758,-1.86328,-3.71094,-2.86328,-6.67383,-1.26953,2.66602,-0.00416,-0.54369,-0.21610
99,9766,3,-0.10443,-0.26672,-0.03094,0.95758,-1.98438,-3.89062,-2.37500,-6.77539,-1.26562,2.81445,-0.00416,-0.54369,-0.21610
100,9765,3,-0.17615,-0.27362,-0.02075,0.94531,-1.99219,-4.98828,-1.42969,-6.61133,-1.37891,2.94727,0.06720,-0.55231,-0.38750
101,12696,3,-0.21161,-0.27655,-0.01465,0.93732,-1.71875,-5.30469,-0.97656,-6.30664,-1.67383,3.01953,0.10541,-0.55226,-0.47397
102,7812,3,-0.24475,-0.27997,-0.00775,0.92828,-1.39453,-5.62891,-0.68750,-5.98828,-1.78320,3.08203,0.14445,-0.55101,-0.55649
103,9766,3,-0.27722,-0.28400,0.00049,0.91791,-0.91406,-6.48438,0.50000,-5.61914,-1.48633,3.26172,0.18660,-0.54810,-0.63921
104,9766,3,-0.30792,-0.28705,0.00922,0.90704,1.48828,-7.98438,3.60156,-5.05859,-1.05664,3.32031,0.22770,-0.54106,-0.71794
105,9765,3,-0.33807,-0.28796,0.01910,0.89581,3.09766,-7.67578,5.09375,-4.27344,-0.75586,3.08789,0.26806,-0.52704,-0.79446
106,10742,3,-0.36304,-0.28705,0.02844,0.88599,4.32031,-7.42188,6.15234,-3.41016,-0.64453,2.58008,0.30106,-0.50980,-0.85678
107,12696,3,-0.38409,-0.28558,0.03711,0.87726,4.78125,-7.26953,6.93750,-2.52734,-0.67383,2.03711,0.32867,-0.49216,-0.90864
108,6836,3,-0.39935,-0.28473,0.04425,0.87036,4.74609,-6.37500,6.42969,-1.89844,-0.62305,1.55859,0.35002,-0.47830,-0.94652
109,10742,3,-0.41132,-0.28455,0.05060,0.86444,4.76953,-6.03516,5.66016,-1.52539,-0.59180,1.12891,0.36843,-0.46714,-0.97683
110,9765,3,-0.42078,-0.28497,0.05560,0.85944,4.53516,-5.54297,4.74219,-1.28711,-0.59961,0.76562,0.38345,-0.45899,-1.00121
111,9766,3,-0.42798,-0.28601,0.05908,0.85529,4.26562,-4.78906,3.37500,-1.09766,-0.63281,0.47852,0.39510,-0.45413,-1.02035
112,9766,3,-0.43372,-0.28772,0.06152,0.85168,4.18359,-4.58984,3.03125,-0.98633,-0.56055,0.33594,0.40488,-0.45193,-1.03633
113,10742,3,-0.43842,-0.28979,0.06329,0.84839,3.88281,-4.64062,3.24609,-0.87500,-0.31641,0.37500,0.41343,-0.45141,-1.05017
114,8789,3,-0.44269,-0.29132,0.06464,0.84558,3.69922,-4.58594,3.60156,-0.69141,-0.04492,0.43359,0.42019,-0.45052,-1.06224
115,10742,3,-0.44635,-0.29150,0.06573,0.84351,3.83984,-4.26953,4.12500,-0.43164,0.13672,0.42188,0.42435,-0.44790,-1.07146
116,9766,3,-0.44940,-0.29065,0.06683,0.84210,3.71875,-4.18750,4.36328,-0.08984,0.25781,0.37305,0.42672,-0.44386,-1.07813
117,10742,3,-0.45105,-0.28906,0.06781,0.84167,3.71094,-4.03906,4.59375,0.29688,0.35938,0.25977,0.42713,-0.43942,-1.08069
118,9766,3,-0.45117,-0.28705,0.06879,0.84222,3.75000,-4.03125,4.76172,0.69531,0.44922,0.09570,0.42616,-0.43503,-1.07915
119,9765,3,-0.44940,-0.28485,0.06946,0.84381,3.66406,-3.83984,4.75000,1.07812,0.54883,-0.09961,0.42349,-0.43159,-1.07293
120,10742,3,-0.44580,-0.28253,0.06976,0.84650,3.61328,-3.68750,4.50391,1.42188,0.60352,-0.31641,0.41909,-0.42918,-1.06210
121,9766,3,-0.44037,-0.28015,0.06940,0.85016,3.42188,-3.55078,4.11328,1.74805,0.66797,-0.52539,0.41254,-0.42819,-1.04679
122,9766,3,-0.43317,-0.27789,0.06866,0.85468,2.92188,-3.14062,3.58984,2.03906,0.73242,-0.69922,0.40465,-0.42851,-1.02739
123,9765,3,-0.42444,-0.27570,0.06732,0.85986,2.75391,-2.89453,2.98828,2.25586,0.74805,-0.87109,0.39503,-0.43009,-1.00441
124,10742,3,-0.41418,-0.27344,0.06549,0.86566,2.42578,-2.80078,2.49219,2.45508,0.77148,-0.99805,0.38373,-0.43253,-0.97784
125,8789,3,-0.40295,-0.27136,0.06311,0.87177,2.08594,-2.67969,2.13672,2.71484,0.69727,-0.87695,0.37112,-0.43596,-0.94906
126,10743,3,-0.39111,-0.26929,0.06122,0.87793,1.48047,-2.18359,2.11719,2.68359,0.84961,-1.11133,0.35912,-0.43890,-0.91913
127,12695,3,-0.37744,-0.26691,0.05896,0.88477,0.57422,-2.03516,1.50781,2.93359,0.73242,-1.25195,0.34515,-0.44205,-0.88475
128,6836,3,-0.36432,-0.26489,0.05615,0.89105,0.07812,-2.60547,1.40234,3.20508,0.68750,-1.18945,0.33081,-0.44576,-0.85188
