lineno,time,accurate,i,j,k,r,aX,aY,aZ,gX,gY,gZ,rx,ry,rz
0,1222656,3,0.39301,-0.19836,0.21173,0.87256,-0.35938,-0.47656,-3.41406,-1.18750,-0.43750,-0.29688,0.25139,-0.53821,0.77671
1,9766,3,0.38904,-0.20074,0.20837,0.87457,-0.44531,-0.57031,-3.64453,-1.47461,-0.48438,-0.29688,0.24515,-0.53901,0.76906
2,9765,3,0.38385,-0.20367,0.20471,0.87708,-0.61328,-0.66016,-3.92188,-1.83008,-0.56055,-0.31250,0.23868,-0.54035,0.75868
3,9766,3,0.37769,-0.20697,0.20068,0.87988,-0.92578,-0.91797,-4.56641,-2.26562,-0.53516,-0.21094,0.23182,-0.54198,0.74625
4,10742,3,0.36902,-0.21112,0.19598,0.88367,-1.33203,-1.38281,-4.37500,-2.66016,-0.44922,0.06055,0.22461,-0.54422,0.72825
5,9766,3,0.35870,-0.21564,0.19202,0.88770,-1.51953,-1.60938,-4.17969,-2.90625,-0.42188,0.18164,0.21984,-0.54752,0.70608
6,9765,3,0.34656,-0.22046,0.18866,0.89203,-1.59375,-1.54688,-3.98828,-3.14258,-0.49805,0.25391,0.21749,-0.55162,0.67934
7,9766,3,0.33313,-0.22577,0.18530,0.89648,-1.51172,-2.06250,-4.00000,-3.36523,-0.51367,0.40430,0.21582,-0.55657,0.64969
8,10742,3,0.33313,-0.22577,0.18530,0.89648,-1.67188,-2.28125,-3.70312,-3.46680,-0.51367,0.50977,0.21582,-0.55657,0.64969
9,12695,3,0.30286,-0.23779,0.17914,0.90533,-1.72656,-2.25781,-3.26172,-3.46680,-0.45703,0.63867,0.21577,-0.56934,0.58228
10,6836,3,0.28754,-0.24371,0.17682,0.90918,-1.89844,-3.15234,-2.37500,-3.41406,-0.40430,0.78711,0.21803,-0.57624,0.54776
11,9766,3,0.27136,-0.24969,0.17505,0.91290,-1.95312,-3.06250,-2.33594,-3.34180,-0.49219,0.85938,0.22240,-0.58343,0.51083
12,10742,3,0.25446,-0.25610,0.17377,0.91620,-2.10547,-2.83984,-2.59375,-3.32031,-0.65820,0.89648,0.22859,-0.59166,0.47186
13,8789,3,0.23834,-0.26282,0.17267,0.91888,-2.16797,-2.62109,-2.74609,-3.36523,-0.84961,0.91406,0.23495,-0.60077,0.43449
14,10742,3,0.22302,-0.26990,0.17139,0.92090,-2.40234,-3.07422,-2.72656,-3.51562,-0.92578,1.04297,0.24069,-0.61082,0.39899
15,9766,3,0.20581,-0.27838,0.16998,0.92261,-2.80078,-3.44531,-2.19922,-3.65234,-0.91211,1.28320,0.24770,-0.62324,0.35881
16,10742,3,0.18842,-0.28680,0.16925,0.92389,-2.94141,-3.88281,-1.69922,-3.76953,-0.93555,1.56250,0.25718,-0.63570,0.31733
17,12696,3,0.16974,-0.29559,0.16937,0.92474,-3.11328,-4.12891,-1.37891,-3.89258,-0.94531,1.83789,0.27046,-0.64874,0.27163
18,6836,3,0.15118,-0.30414,0.17053,0.92499,-2.93750,-4.48828,-1.03516,-4.10547,-0.96094,2.14258,0.28715,-0.66136,0.22485
19,10742,3,0.13043,-0.31335,0.17279,0.92462,-2.95312,-4.67969,-1.18750,-4.36914,-0.94336,2.50391,0.30939,-0.67456,0.17102
20,9765,3,0.10687,-0.32330,0.17615,0.92358,-3.01562,-4.94531,-0.78125,-4.53516,-0.88281,2.87305,0.33810,-0.68782,0.10830
21,9766,3,0.08282,-0.33270,0.18054,0.92188,-2.43750,-5.75781,0.51562,-4.53516,-0.91602,3.21484,0.37128,-0.69884,0.04256
22,9766,3,0.05701,-0.34229,0.18652,0.91913,-2.00781,-5.86719,0.76953,-4.54688,-0.90234,3.47461,0.41158,-0.70821,-0.03015
23,10742,3,0.03143,-0.35138,0.19360,0.91547,-1.74219,-6.05859,0.89453,-4.80078,-0.64453,3.77539,0.45574,-0.71486,-0.10414
24,9765,3,0.00409,-0.35999,0.20172,0.91089,-1.41406,-6.52344,1.49219,-4.90234,-0.37500,4.18359,0.50499,-0.71743,-0.18389
25,12696,3,-0.02515,-0.36719,0.21106,0.90552,-0.26953,-7.03125,3.64062,-4.61719,-0.27734,4.41016,0.55853,-0.71338,-0.26843
26,6836,3,-0.05237,-0.37256,0.22089,0.89978,0.26172,-6.73828,4.64453,-4.15625,-0.25977,4.48047,0.60985,-0.70410,-0.34649
27,10742,3,-0.08020,-0.37726,0.23267,0.89282,0.60547,-6.38672,4.97656,-3.74023,-0.21875,4.53125,0.66491,-0.68971,-0.42596
28,9765,3,-0.10724,-0.38110,0.24573,0.88483,0.56250,-6.17188,5.32422,-3.28906,-0.41602,4.59961,0.72017,-0.67090,-0.50224
29,9766,3,-0.13141,-0.38422,0.25928,0.87628,0.37500,-6.20703,3.83594,-3.08398,-0.56641,4.72266,0.77215,-0.65005,-0.56996
30,10742,3,-0.15375,-0.38721,0.27368,0.86688,-0.17188,-6.39062,3.92969,-3.00586,-0.50586,4.83984,0.82321,-0.62759,-0.63252
31,11719,3,-0.17535,-0.38983,0.28857,0.85675,-0.12891,-6.12891,4.07031,-2.83398,-0.44922,4.88672,0.87276,-0.60257,-0.69161
32,7813,3,-0.19598,-0.39154,0.30347,0.84625,0.64062,-6.28125,4.71094,-2.50781,-0.50391,4.90430,0.91887,-0.57491,-0.74563
33,9765,3,-0.21716,-0.39270,0.31995,0.83441,1.24219,-6.28906,4.70703,-2.23828,-0.49805,4.97461,0.96612,-0.54264,-0.79899
34,10742,3,-0.23572,-0.39301,0.33594,0.82288,1.29297,-6.49609,5.10938,-1.98242,-0.42969,5.16602,1.00827,-0.51028,-0.84379
35,9766,3,-0.25360,-0.39227,0.35297,0.81067,1.56641,-6.79688,5.14062,-1.64844,-0.36914,5.37891,1.04938,-0.47462,-0.88455
36,9766,3,-0.27081,-0.39020,0.37128,0.79785,1.40625,-6.96484,5.48047,-1.21094,-0.39453,5.51953,1.08948,-0.43515,-0.92076
37,9765,3,-0.28650,-0.38672,0.39050,0.78479,1.97266,-6.83594,5.32422,-0.76758,-0.53711,5.55469,1.12780,-0.39328,-0.95071
38,10742,3,-0.30005,-0.38239,0.41052,0.77155,2.58594,-6.55469,5.14844,-0.42188,-0.60742,5.54102,1.16519,-0.35083,-0.97430
39,9766,3,-0.31195,-0.37714,0.43158,0.75775,2.83984,-6.38281,5.20312,-0.15234,-0.49805,5.49805,1.20269,-0.30709,-0.99265
40,9766,3,-0.32220,-0.37103,0.45227,0.74426,3.19922,-6.06641,5.42578,0.25391,-0.46680,5.33789,1.23782,-0.26391,-1.00563
41,9765,3,-0.33112,-0.36365,0.47321,0.73090,3.80469,-5.64453,4.97266,0.69727,-0.65039,5.14453,1.27157,-0.21997,-1.01338
42,9766,3,-0.33752,-0.35571,0.49365,0.71820,4.04297,-5.21875,4.06250,0.95703,-0.75000,4.96289,1.30392,-0.17866,-1.01518
43,10742,3,-0.34174,-0.34766,0.51355,0.70612,4.02734,-4.26953,3.34766,1.16406,-0.76953,4.70898,1.33555,-0.14044,-1.01230
44,9766,3,-0.34460,-0.33881,0.53400,0.69379,4.61328,-3.57031,2.84766,1.42383,-0.84180,4.37695,1.36822,-0.10226,-1.00542
45,9765,3,-0.34583,-0.32990,0.55304,0.68243,5.03516,-2.95312,2.55469,1.67969,-0.82812,4.02734,1.39893,-0.06781,-0.99513
46,9766,3,-0.34534,-0.32129,0.57007,0.67273,5.38672,-2.46875,2.42969,1.89062,-0.82617,3.61328,1.42658,-0.03856,-0.98188
47,10742,3,-0.34314,-0.31158,0.58752,0.66333,5.88672,-1.01562,1.44141,2.02344,-0.81641,3.15039,1.45505,-0.01016,-0.96383
48,9766,3,-0.33972,-0.30249,0.60266,0.65570,5.84766,-0.71094,1.05469,2.08594,-0.74609,2.74609,1.48002,0.01279,-0.94438
49,9765,3,-0.33527,-0.29346,0.61627,0.64935,5.64453,-0.48438,0.81250,2.19531,-0.63867,2.37305,1.50255,0.03212,-0.92322
50,10743,3,-0.33008,-0.28442,0.62854,0.64423,5.91406,0.17969,0.59375,2.32617,-0.54883,1.99219,1.52270,0.04849,-0.90077
51,9765,3,-0.32422,-0.27539,0.63922,0.64062,5.97266,0.30859,0.15625,2.42383,-0.45508,1.65430,1.53966,0.06169,-0.87723
52,9766,3,-0.31793,-0.26642,0.64838,0.63837,5.80469,0.30469,0.08984,2.49219,-0.32617,1.35938,1.55353,0.07220,-0.85319
53,9765,3,-0.31085,-0.25665,0.65680,0.63727,5.80469,0.25391,-0.05859,2.52734,-0.19922,1.05469,1.56529,0.08131,-0.82680
54,9766,3,-0.30408,-0.24744,0.66345,0.63733,6.02734,0.47266,-0.30859,2.51562,-0.11914,0.72266,1.57355,0.08819,-0.80190
55,10742,3,-0.29645,-0.23743,0.66937,0.63849,6.15234,0.66797,-0.65625,2.44141,-0.05469,0.32812,1.57972,0.09382,-0.77470
56,9766,3,-0.28906,-0.22833,0.67358,0.64081,6.13672,0.79688,-0.85938,2.35156,0.03320,-0.09375,1.58251,0.09693,-0.74945
57,9766,3,-0.28162,-0.21991,0.67627,0.64423,5.99219,0.74609,-0.70703,2.39062,0.12500,-0.56055,1.58222,0.09771,-0.72539
58,10742,3,-0.27405,-0.21179,0.67719,0.64923,5.85547,0.81250,0.28516,2.52734,0.26172,-1.09180,1.57766,0.09630,-0.70188
59,9765,3,-0.26605,-0.20367,0.67627,0.65607,6.04297,0.56250,0.51172,2.68555,0.30078,-1.60156,1.56840,0.09273,-0.67802
60,9766,3,-0.25751,-0.19568,0.67358,0.66461,6.21094,0.42188,0.13281,2.70508,0.33203,-2.06836,1.55472,0.08691,-0.65376
61,9766,3,-0.24768,-0.18756,0.66919,0.67505,5.28516,-0.30078,-0.32812,2.57422,0.44727,-2.38867,1.53664,0.07834,-0.62760
62,10742,3,-0.23785,-0.17981,0.66309,0.68658,4.72266,-0.87891,-0.25781,2.49023,0.66602,-2.54688,1.51468,0.06858,-0.60214
63,9765,3,-0.22894,-0.17236,0.65576,0.69849,4.32031,-1.44141,0.18750,2.55859,0.86914,-2.58984,1.49000,0.05951,-0.57858
64,9766,3,-0.22040,-0.16406,0.64752,0.71082,3.98438,-1.91406,0.51172,2.74609,1.00586,-2.58203,1.46281,0.05221,-0.55447
65,9766,3,-0.21234,-0.15515,0.63922,0.72266,3.85156,-2.21484,0.69531,2.86719,1.13086,-2.54688,1.43559,0.04724,-0.53033
66,10742,3,-0.20337,-0.14453,0.63019,0.73523,3.84375,-2.33594,0.20703,2.93164,1.25000,-2.52148,1.40599,0.04381,-0.50259
67,9765,3,-0.19458,-0.13336,0.62109,0.74738,3.82031,-2.11719,-0.03906,2.95312,1.36328,-2.56250,1.37651,0.04238,-0.47454
68,9766,3,-0.18604,-0.12170,0.61163,0.75922,3.78125,-2.04688,-0.09375,3.01367,1.39258,-2.73242,1.34659,0.04279,-0.44647
69,10742,3,-0.17731,-0.10950,0.60138,0.77130,3.59766,-1.30859,-0.44141,3.05469,1.32031,-2.94922,1.31507,0.04436,-0.41765
70,9766,3,-0.16858,-0.09808,0.59076,0.78290,3.40625,-1.43359,-0.78125,2.95898,1.30664,-3.11914,1.28384,0.04562,-0.39007
71,9766,3,-0.15881,-0.08606,0.57812,0.79572,3.22266,-1.73828,-0.89062,2.88672,1.38086,-3.20312,1.24814,0.04669,-0.36037
72,9765,3,-0.14972,-0.07471,0.56525,0.80780,2.81641,-2.02734,-0.11328,2.98438,1.41406,-3.25195,1.21294,0.04858,-0.33282
73,10742,3,-0.14044,-0.06293,0.55151,0.81982,2.79297,-2.24609,-0.03516,3.08984,1.46680,-3.26562,1.17641,0.05176,-0.30480
74,9766,3,-0.13141,-0.05145,0.53827,0.83087,2.75781,-2.39062,-0.08203,3.12305,1.61914,-3.19336,1.14188,0.05599,-0.27775
75,9766,3,-0.12140,-0.03821,0.52350,0.84247,2.55078,-2.64062,-0.23047,3.04688,1.85742,-3.02734,1.10418,0.06277,-0.24756
76,9765,3,-0.11206,-0.02423,0.50897,0.85309,1.98438,-2.57031,-0.52344,3.00391,2.03516,-2.88867,1.06789,0.07280,-0.21817
77,10742,3,-0.10382,-0.01013,0.49536,0.86237,2.06641,-2.19141,-0.84766,3.08203,2.02539,-2.86914,1.03461,0.08549,-0.19096
78,9766,3,-0.09595,0.00397,0.48224,0.87073,2.31250,-1.78125,-1.14453,3.19336,1.90625,-2.97656,1.00333,0.09962,-0.16483
79,9766,3,-0.08679,0.01917,0.46771,0.87939,2.56641,-1.49609,-1.45312,3.18164,1.71875,-3.19336,0.96976,0.11515,-0.13604
80,9765,3,-0.07703,0.03357,0.45245,0.88782,2.43359,-1.08203,-2.31250,2.99414,1.64258,-3.39453,0.93565,0.12967,-0.10750
81,10742,3,-0.06775,0.04657,0.43652,0.89594,2.29688,-1.22266,-2.59375,2.83984,1.59180,-3.53711,0.90090,0.14308,-0.08166
82,9766,3,-0.05920,0.05865,0.42004,0.90369,2.18359,-1.25781,-2.74609,2.83398,1.46680,-3.65625,0.86562,0.15638,-0.05847
83,9766,3,-0.05048,0.07056,0.40198,0.91150,1.66016,-1.29297,-2.80859,2.76953,1.30078,-3.77539,0.82765,0.17003,-0.03582
84,9765,3,-0.04150,0.08185,0.38287,0.91925,1.70703,-1.39844,-3.30078,2.47070,1.33789,-3.77148,0.78803,0.18328,-0.01386
85,10743,3,-0.03351,0.09198,0.36420,0.92615,1.62500,-1.42969,-3.43750,2.13867,1.52539,-3.65430,0.74982,0.19604,0.00503
86,9765,3,-0.02704,0.10217,0.34546,0.93243,1.61328,-1.38672,-3.40625,1.86133,1.72461,-3.50000,0.71181,0.21079,0.02063
87,9766,3,-0.02222,0.11285,0.32703,0.93799,1.13281,-1.55859,-3.13672,1.64453,1.92578,-3.30469,0.67472,0.22822,0.03300
88,9765,3,-0.01904,0.12311,0.31104,0.94220,1.10547,-1.37891,-3.21094,1.44336,2.06641,-3.15625,0.64290,0.24631,0.04198
89,10743,3,-0.01678,0.13495,0.29401,0.94604,1.42188,-1.17969,-3.50391,1.22461,2.13086,-3.08398,0.60929,0.26843,0.04938
90,9765,3,-0.01556,0.14667,0.27808,0.94916,1.17578,-0.66016,-4.27344,1.02344,2.15625,-3.03125,0.57796,0.29118,0.05434
91,9766,3,-0.01544,0.15808,0.26270,0.95172,1.12500,-0.52344,-4.37500,0.88086,2.07227,-3.01367,0.54757,0.31415,0.05645
92,10742,3,-0.01605,0.16919,0.24738,0.95392,0.90625,-0.40625,-4.76172,0.66797,1.90234,-3.04492,0.51705,0.33706,0.05627
93,8789,3,-0.01733,0.17920,0.23248,0.95581,0.64453,-0.41406,-5.03906,0.36328,1.79688,-3.02539,0.48690,0.35822,0.05361
94,10742,3,-0.01965,0.18787,0.21826,0.95746,0.58594,-0.90234,-5.12109,-0.01367,1.84375,-2.91016,0.45737,0.37719,0.04774
95,9766,3,-0.02380,0.19684,0.20325,0.95886,0.31250,-1.23828,-4.87500,-0.39258,1.96289,-2.73633,0.42526,0.39753,0.03728
96,10742,3,-0.02924,0.20496,0.19067,0.95959,-0.05859,-1.42188,-4.76562,-0.63477,2.05469,-2.50000,0.39739,0.41641,0.02411
97,9766,3,-0.03650,0.21387,0.17834,0.95978,-0.44531,-1.89453,-4.29688,-0.70898,2.06836,-2.28125,0.36897,0.43734,0.00687
98,9765,3,-0.04431,0.22284,0.16730,0.95935,-0.76562,-1.92188,-3.89453,-0.71680,2.01367,-2.13477,0.34258,0.45828,-0.01166
99,9766,3,-0.05188,0.23138,0.15747,0.95862,-0.77734,-1.91797,-3.84766,-0.76953,1.95117,-2.00391,0.31833,0.47796,-0.02996
100,10742,3,-0.05945,0.23975,0.14819,0.95764,-1.04297,-2.14453,-3.90625,-0.81641,1.81250,-1.93945,0.29470,0.49698,-0.04871
101,9766,3,-0.06708,0.24744,0.13977,0.95642,-1.85156,-2.37891,-4.16797,-0.88867,1.64453,-1.89062,0.27233,0.51445,-0.06799
102,9765,3,-0.07477,0.25433,0.13165,0.95520,-2.17969,-2.71094,-4.12109,-1.01562,1.55664,-1.82422,0.25002,0.53003,-0.08805
103,9766,3,-0.08289,0.26056,0.12396,0.95386,-2.51953,-3.19141,-4.02734,-1.07812,1.32227,-1.75391,0.22789,0.54409,-0.10953
104,9766,3,-0.09119,0.26587,0.11688,0.95258,-3.10938,-3.28125,-3.78516,-0.97852,1.03125,-1.68555,0.20654,0.55601,-0.13173
105,10742,3,-0.09882,0.26971,0.11053,0.95148,-4.30078,-3.99609,-3.14062,-0.81836,0.66211,-1.61133,0.18697,0.56460,-0.15259
106,9765,3,-0.10596,0.27234,0.10413,0.95068,-4.75391,-4.17969,-2.93359,-0.69922,0.30859,-1.51758,0.16741,0.57027,-0.17281
107,9766,3,-0.11224,0.27325,0.09802,0.95032,-5.07422,-4.42188,-2.62500,-0.59570,0.05664,-1.34570,0.14918,0.57207,-0.19119
108,10742,3,-0.11755,0.27289,0.09265,0.95032,-5.08203,-4.63281,-2.14453,-0.44727,-0.10547,-1.17969,0.13344,0.57098,-0.20693
109,9766,3,-0.12183,0.27161,0.08807,0.95056,-4.64453,-5.21875,-0.91016,-0.27344,-0.18555,-1.00586,0.12041,0.56789,-0.21976
110,9766,3,-0.12512,0.26996,0.08411,0.95099,-4.52344,-5.35547,-0.40234,-0.11328,-0.23242,-0.84375,0.10956,0.56393,-0.22987
111,9765,3,-0.12738,0.26813,0.08093,0.95148,-4.67969,-5.41016,-0.21875,0.00391,-0.26953,-0.61328,0.10130,0.55962,-0.23704
112,10742,3,-0.12866,0.26630,0.07843,0.95203,-5.55078,-5.29297,-0.25781,0.08398,-0.31055,-0.31250,0.09525,0.55535,-0.24149
113,9766,3,-0.12909,0.26447,0.07715,0.95258,-5.78125,-5.19922,-0.23438,0.17773,-0.39844,-0.04492,0.09252,0.55129,-0.24320
114,9766,3,-0.12866,0.26257,0.07715,0.95319,-5.76953,-4.91797,-0.13672,0.30859,-0.55273,0.12109,0.09324,0.54733,-0.24215
115,9765,3,-0.12744,0.26025,0.07806,0.95392,-5.69141,-4.51953,-0.05078,0.45312,-0.73438,0.25000,0.09660,0.54265,-0.23873
116,10742,3,-0.12543,0.25745,0.07965,0.95477,-5.65625,-4.02344,0.19141,0.65820,-0.93555,0.36523,0.10204,0.53706,-0.23314
117,9766,3,-0.12201,0.25360,0.08179,0.95612,-5.64844,-3.85547,0.36719,0.94922,-1.20898,0.47070,0.10971,0.52924,-0.22409
118,9766,3,-0.11737,0.24890,0.08423,0.95770,-5.67969,-3.85547,0.49609,1.25977,-1.49219,0.59375,0.11883,0.51957,-0.21227
119,9765,3,-0.11090,0.24304,0.08704,0.95972,-5.74219,-3.85156,0.60938,1.54883,-1.79102,0.70508,0.12982,0.50729,-0.19639
120,10742,3,-0.10284,0.23596,0.09015,0.96210,-5.29297,-3.42578,0.50781,1.79492,-2.08789,0.79883,0.14223,0.49221,-0.17720
121,9766,3,-0.09326,0.22772,0.09363,0.96472,-4.90625,-3.35938,0.58984,2.01562,-2.17773,0.87109,0.15596,0.47444,-0.15497
122,9766,3,-0.08258,0.21887,0.09717,0.96741,-4.34375,-3.51562,0.75781,2.14258,-2.27930,0.91797,0.16986,0.45505,-0.13089
123,9765,3,-0.07019,0.20905,0.10107,0.97015,-3.68750,-3.11328,0.67969,2.21094,-2.32812,0.95898,0.18478,0.43321,-0.10367
124,10743,3,-0.05750,0.19910,0.10504,0.97266,-3.46094,-2.57422,0.30859,2.32031,-2.53711,0.88672,0.19922,0.41083,-0.07645
125,9765,3,-0.04449,0.18872,0.10876,0.97498,-3.05078,-2.46484,-0.55859,2.35938,-2.75391,0.84766,0.21251,0.38728,-0.04939
126,9766,3,-0.03082,0.17706,0.11224,0.97729,-2.86328,-2.58984,-0.74609,2.34766,-2.87109,0.83789,0.22470,0.36078,-0.02191
