lineno,time,accurate,i,j,k,r,aX,aY,aZ,gX,gY,gZ,rx,ry,rz
0,2183594,3,0.07898,-0.08362,0.35211,0.92883,-1.84375,-0.16797,-2.38281,-0.13477,-0.06836,0.18555,0.71510,-0.21256,0.08998
1,10742,3,0.07867,-0.08405,0.35272,0.92859,-2.11328,-0.19922,-2.68359,-0.25586,-0.13477,0.25000,0.71650,-0.21321,0.08896
2,9766,3,0.07782,-0.08496,0.35364,0.92828,-2.43359,-0.32812,-3.06641,-0.39844,-0.21875,0.33594,0.71866,-0.21441,0.08647
3,9766,3,0.07654,-0.08649,0.35474,0.92780,-2.87109,-0.51953,-3.29688,-0.54297,-0.31250,0.48242,0.72140,-0.21648,0.08269
4,9765,3,0.07465,-0.08875,0.35626,0.92719,-3.96875,-0.88281,-3.67188,-0.65039,-0.41211,0.66406,0.72519,-0.21950,0.07711
5,10742,3,0.07220,-0.09174,0.35852,0.92621,-4.28125,-1.04297,-3.89453,-0.75195,-0.55273,0.82812,0.73081,-0.22356,0.06976
6,9766,3,0.06952,-0.09546,0.36139,0.92493,-4.48438,-0.99609,-4.19141,-0.88477,-0.71484,0.98438,0.73793,-0.22882,0.06124
7,9766,3,0.06647,-0.10016,0.36493,0.92328,-4.61328,-1.28516,-4.67578,-1.02539,-0.87695,1.16992,0.74677,-0.23562,0.05106
8,9765,3,0.06293,-0.10602,0.36920,0.92114,-4.65234,-1.43750,-4.73438,-1.17188,-1.02344,1.38672,0.75764,-0.24420,0.03881
9,10743,3,0.05890,-0.11285,0.37421,0.91858,-4.54688,-1.41016,-4.86328,-1.32617,-1.19727,1.61523,0.77056,-0.25413,0.02454
10,9765,3,0.05438,-0.12079,0.38000,0.91547,-4.39062,-1.40625,-5.10156,-1.50391,-1.36133,1.85938,0.78583,-0.26559,0.00805
11,9766,3,0.04919,-0.12988,0.38678,0.91168,-3.62500,-1.42188,-5.29297,-1.67773,-1.51367,2.07031,0.80404,-0.27845,-0.01120
12,10742,3,0.04346,-0.13989,0.39423,0.90723,-2.79297,-1.29297,-5.28516,-1.88867,-1.64648,2.23828,0.82468,-0.29225,-0.03285
13,9766,3,0.03699,-0.15106,0.40234,0.90216,-2.00000,-1.15234,-5.14453,-2.03516,-1.78516,2.35938,0.84792,-0.30715,-0.05755
14,9765,3,0.02991,-0.16309,0.41083,0.89655,-0.26172,-1.13281,-4.12500,-2.06836,-1.86719,2.38477,0.87317,-0.32254,-0.08484
15,12696,3,0.02246,-0.17584,0.41943,0.89032,0.25781,-1.36328,-3.54297,-2.12305,-1.90039,2.48828,0.90006,-0.33837,-0.11422
16,7812,3,0.01520,-0.18848,0.42786,0.88385,0.58203,-1.60547,-3.10938,-2.25781,-1.86133,2.66992,0.92739,-0.35349,-0.14377
17,8789,3,0.00714,-0.20154,0.43695,0.87659,0.95703,-1.62109,-2.77734,-2.38477,-1.81055,2.85156,0.95771,-0.36781,-0.17624
18,10742,3,-0.00177,-0.21466,0.44653,0.86865,1.91797,-1.73828,-2.09375,-2.43945,-1.74805,2.96484,0.99049,-0.38045,-0.21134
19,9766,3,-0.01196,-0.22839,0.45697,0.85956,3.12891,-1.17969,-1.42578,-2.39453,-1.69336,2.90625,1.02725,-0.39165,-0.25071
20,10742,3,-0.02167,-0.24097,0.46674,0.85065,4.88672,-0.60547,-1.14844,-2.41406,-1.54688,2.54883,1.06254,-0.40035,-0.28826
21,9766,3,-0.03149,-0.25330,0.47565,0.84180,6.55078,-0.37109,-0.56250,-2.43164,-1.36523,1.98438,1.09659,-0.40768,-0.32597
22,9765,3,-0.04102,-0.26465,0.48218,0.83411,9.55859,-0.88672,0.99609,-2.42383,-1.11914,1.39648,1.12489,-0.41365,-0.36127
23,12696,3,-0.05054,-0.27545,0.48627,0.82770,10.47656,-1.41797,1.89453,-2.32422,-0.91602,0.87500,1.14740,-0.41900,-0.39504
24,6836,3,-0.05902,-0.28467,0.48785,0.82312,10.85938,-1.77344,2.50781,-2.13281,-0.74805,0.45117,1.16250,-0.42358,-0.42382
25,10742,3,-0.06708,-0.29333,0.48761,0.81958,11.05078,-2.03125,3.25391,-1.93555,-0.55664,0.11914,1.17299,-0.42838,-0.45042
26,9765,3,-0.07458,-0.30115,0.48590,0.81708,11.96094,-2.58594,4.32031,-1.79297,-0.29297,-0.20508,1.17924,-0.43306,-0.47430
27,9766,3,-0.08118,-0.30750,0.48303,0.81580,12.38281,-2.70703,4.84375,-1.64453,-0.00586,-0.54492,1.18104,-0.43707,-0.49392
28,9766,3,-0.08722,-0.31238,0.47894,0.81573,12.77344,-2.85547,5.48828,-1.42188,0.29883,-0.91992,1.17827,-0.44017,-0.50984
29,10742,3,-0.09247,-0.31561,0.47375,0.81696,12.75000,-3.30859,6.47266,-1.15430,0.58789,-1.33984,1.17084,-0.44234,-0.52136
30,9765,3,-0.09717,-0.31744,0.46655,0.81982,12.26562,-3.29688,6.59375,-0.85938,0.84766,-1.73633,1.15692,-0.44430,-0.52882
31,9766,3,-0.10059,-0.31757,0.45819,0.82404,11.51562,-3.35938,6.64844,-0.58594,1.06641,-2.10156,1.13803,-0.44585,-0.53090
32,10742,3,-0.10266,-0.31622,0.44861,0.82953,10.45703,-3.46094,6.60156,-0.33008,1.23047,-2.44922,1.11428,-0.44734,-0.52781
33,9766,3,-0.10358,-0.31366,0.43781,0.83618,8.32812,-3.40625,6.22656,-0.08789,1.34766,-2.76562,1.08600,-0.44878,-0.52024
34,10742,3,-0.10315,-0.31006,0.42596,0.84363,7.11719,-3.50000,5.91016,0.15039,1.46094,-3.01367,1.05404,-0.45037,-0.50837
35,11719,3,-0.10150,-0.30548,0.41290,0.85199,6.09766,-3.74219,5.69531,0.42969,1.55664,-3.20508,1.01796,-0.45194,-0.49233
36,6836,3,-0.09875,-0.30029,0.39996,0.86029,4.24219,-3.69141,4.97656,0.70312,1.58984,-3.41602,0.98151,-0.45302,-0.47365
37,10742,3,-0.09448,-0.29395,0.38568,0.86945,3.38281,-3.76172,4.37500,0.90234,1.58398,-3.57422,0.94060,-0.45365,-0.45007
38,9766,3,-0.08862,-0.28687,0.37024,0.87909,2.63281,-3.98047,3.85156,1.04102,1.64648,-3.62695,0.89619,-0.45418,-0.42220
39,9765,3,-0.08209,-0.27942,0.35486,0.88843,1.67578,-4.40625,3.55078,1.17383,1.69922,-3.61523,0.85181,-0.45360,-0.39291
40,10742,3,-0.07532,-0.27173,0.34015,0.89709,-0.11719,-4.26562,2.44531,1.34961,1.69922,-3.57812,0.80922,-0.45148,-0.36358
41,9766,3,-0.06744,-0.26306,0.32458,0.90607,-0.93750,-4.24609,1.90625,1.50977,1.67383,-3.49023,0.76400,-0.44770,-0.33101
42,10742,3,-0.05890,-0.25415,0.30963,0.91437,-1.78516,-4.26172,1.16797,1.65234,1.67188,-3.36914,0.72048,-0.44261,-0.29775
43,11719,3,-0.04993,-0.24506,0.29547,0.92206,-2.50781,-4.15234,0.60156,1.76562,1.67578,-3.21484,0.67913,-0.43608,-0.26440
44,7812,3,-0.04077,-0.23590,0.28229,0.92896,-3.97656,-3.87891,-0.42969,1.86133,1.62891,-3.02539,0.64063,-0.42825,-0.23175
45,9766,3,-0.03082,-0.22614,0.26941,0.93561,-4.65625,-3.75000,-1.03516,1.89844,1.60547,-2.80273,0.60288,-0.41865,-0.19777
46,9766,3,-0.02075,-0.21631,0.25739,0.94159,-5.14453,-3.60938,-1.67188,1.88086,1.58594,-2.58984,0.56778,-0.40786,-0.16460
47,9765,3,-0.01105,-0.20673,0.24664,0.94672,-6.23828,-2.92578,-2.91016,1.82812,1.52734,-2.37305,0.53658,-0.39628,-0.13362
48,10743,3,-0.00146,-0.19708,0.23657,0.95142,-6.88672,-2.73047,-3.49219,1.74609,1.41602,-2.11719,0.50759,-0.38366,-0.10375
49,9765,3,0.00763,-0.18787,0.22754,0.95544,-7.47656,-2.51172,-4.06250,1.63477,1.25977,-1.80469,0.48189,-0.37091,-0.07616
50,10742,3,0.01593,-0.17957,0.21985,0.95874,-8.01562,-2.28125,-4.58203,1.49609,1.07812,-1.46289,0.46021,-0.35897,-0.05173
51,11719,3,0.01593,-0.17957,0.21985,0.95874,-8.64453,-1.44141,-5.51953,1.33008,0.89258,-1.11133,0.46021,-0.35897,-0.05173
52,7813,3,0.03027,-0.16595,0.20880,0.96332,-8.59766,-1.18359,-5.85547,1.12695,0.72461,-0.77148,0.42889,-0.33881,-0.01164
53,9765,3,0.03613,-0.16064,0.20544,0.96472,-8.52734,-0.94141,-6.14844,0.87695,0.56445,-0.43359,0.41899,-0.33080,0.00392
54,9766,3,0.04102,-0.15625,0.20337,0.96570,-8.42578,-0.82812,-6.51562,0.55859,0.41016,-0.04883,0.41242,-0.32410,0.01653
55,10742,3,0.04419,-0.15314,0.20288,0.96613,-8.61719,-0.62891,-6.99219,0.20703,0.27930,0.36133,0.41003,-0.31924,0.02449
56,9766,3,0.04559,-0.15112,0.20410,0.96613,-8.65234,-0.42188,-7.19922,-0.13867,0.11719,0.75000,0.41197,-0.31585,0.02779
57,9765,3,0.04517,-0.15027,0.20685,0.96570,-8.55469,-0.14844,-7.39844,-0.43359,-0.12891,1.05664,0.41784,-0.31406,0.02636
58,9766,3,0.04315,-0.15082,0.21094,0.96484,-8.05469,0.29688,-7.66016,-0.69141,-0.48633,1.28711,0.42720,-0.31438,0.02066
59,10742,3,0.03986,-0.15320,0.21625,0.96344,-7.85547,0.34375,-8.14844,-1.01367,-0.88281,1.55469,0.43981,-0.31774,0.01110
60,9766,3,0.03540,-0.15771,0.22235,0.96149,-7.91016,0.20312,-8.15625,-1.36914,-1.17188,1.92969,0.45488,-0.32469,-0.00218
61,9765,3,0.02942,-0.16437,0.22974,0.95880,-7.85156,0.09766,-7.92578,-1.73047,-1.40430,2.27539,0.47377,-0.33495,-0.02024
62,9766,3,0.02167,-0.17267,0.23840,0.95544,-6.76562,0.39453,-7.80859,-2.08789,-1.64648,2.52539,0.49669,-0.34722,-0.04354
63,10742,3,0.01239,-0.18237,0.24799,0.95135,-6.19141,0.53516,-7.92969,-2.42773,-1.89453,2.75977,0.52304,-0.36094,-0.07154
64,9766,3,0.00134,-0.19391,0.25848,0.94635,-5.91406,0.44922,-7.76172,-2.73438,-2.07617,3.04688,0.55334,-0.37654,-0.10526
65,9765,3,-0.01105,-0.20654,0.26965,0.94049,-4.66016,0.17188,-7.65234,-3.00781,-2.23828,3.35156,0.58704,-0.39254,-0.14354
66,9766,3,-0.02490,-0.22034,0.28180,0.93347,-3.68750,0.32812,-7.67188,-3.28125,-2.39844,3.62695,0.62524,-0.40862,-0.18708
67,10742,3,-0.04028,-0.23523,0.29504,0.92523,-2.48047,0.42578,-7.69922,-3.68945,-2.30078,3.85156,0.66847,-0.42409,-0.23626
68,9766,3,-0.05731,-0.25043,0.30865,0.91583,-0.78125,0.49609,-7.29688,-4.15430,-2.00195,3.84570,0.71510,-0.43710,-0.29057
69,11719,3,-0.07593,-0.26453,0.32135,0.90607,3.64453,0.30469,-6.59766,-4.62500,-1.74219,3.48438,0.76112,-0.44513,-0.34780
70,8789,3,-0.09772,-0.27869,0.33282,0.89557,5.53125,-0.09766,-5.71875,-4.98438,-1.64453,2.80273,0.80694,-0.44905,-0.41173
71,9765,3,-0.12158,-0.29315,0.34125,0.88477,6.97656,-1.07812,-4.48828,-4.96484,-1.56445,2.08398,0.84823,-0.45089,-0.47950
72,9766,3,-0.14447,-0.30719,0.34570,0.87482,8.15625,-2.31641,-2.31250,-4.36133,-1.34766,1.54492,0.88094,-0.45288,-0.54368
73,12695,3,-0.16486,-0.32013,0.34747,0.86578,10.86328,-4.69922,2.64062,-3.39062,-0.86133,1.06836,0.90670,-0.45534,-0.60112
74,7813,3,-0.18121,-0.33020,0.34784,0.85852,11.80469,-4.96875,5.64062,-2.24609,-0.08789,0.32031,0.92536,-0.45664,-0.64683
75,9765,3,-0.19348,-0.33649,0.34668,0.85388,12.50000,-4.75000,6.80859,-1.11914,0.28320,-0.62305,0.93492,-0.45616,-0.67893
76,9766,3,-0.20087,-0.33923,0.34302,0.85260,10.93750,-5.32812,5.53125,-0.51367,0.70508,-1.28711,0.93297,-0.45633,-0.69555
77,9766,3,-0.20355,-0.33954,0.33710,0.85419,9.30469,-5.82031,4.83594,-0.22266,1.26758,-1.64258,0.92144,-0.45875,-0.69862
78,10742,3,-0.20428,-0.33746,0.32928,0.85791,8.02734,-5.73438,4.73438,0.07617,1.69141,-1.83789,0.90204,-0.46058,-0.69366
79,8789,3,-0.20404,-0.33307,0.32031,0.86304,6.44922,-5.46094,3.83984,0.26758,2.26367,-1.71094,0.87698,-0.46027,-0.68317
80,10742,3,-0.20343,-0.32635,0.31140,0.86896,3.73047,-5.58594,4.59375,0.43164,2.99219,-1.50000,0.84923,-0.45616,-0.66906
81,12695,3,-0.20331,-0.31567,0.30206,0.87622,2.51953,-4.92188,4.18750,0.56055,3.56836,-1.34961,0.81635,-0.44491,-0.65101
82,6836,3,-0.20380,-0.30237,0.29358,0.88367,1.78125,-4.96875,3.65625,0.70703,3.69336,-1.23242,0.78331,-0.42763,-0.63220
83,10742,3,-0.20428,-0.28662,0.28516,0.89148,0.36719,-4.06641,2.51562,0.66406,3.64648,-0.97070,0.74885,-0.40558,-0.61178
84,9766,3,-0.20483,-0.26965,0.27722,0.89917,-1.67578,-3.70703,1.60938,0.59961,3.59570,-0.71094,0.71536,-0.38046,-0.59166
85,10742,3,-0.20581,-0.25354,0.27069,0.90558,-1.91016,-3.05078,1.60547,0.67188,3.44922,-0.64453,0.68701,-0.35521,-0.57518
