lineno,time,accurate,i,j,k,r,aX,aY,aZ,gX,gY,gZ,rx,ry,rz
0,1048828,3,-0.11328,0.01880,-0.03656,0.99274,1.31641,0.40625,6.35547,3.36914,-0.12891,-1.17969,-0.07695,0.02904,-0.22836
1,9765,3,-0.10046,0.01727,-0.04163,0.99390,1.85938,-0.33203,8.28125,4.71680,-0.10938,-1.57227,-0.08635,0.02598,-0.20260
2,10743,3,-0.08038,0.01508,-0.04877,0.99548,1.36719,-1.79688,7.48438,4.96875,-0.05469,-1.57227,-0.09970,0.02218,-0.16225
3,11718,3,-0.05615,0.01288,-0.05695,0.99670,0.72266,-2.91016,4.61719,4.19727,0.02148,-1.40039,-0.11524,0.01928,-0.11367
4,7813,3,-0.05615,0.01288,-0.05695,0.99670,-0.40234,-1.67578,0.81641,3.43164,0.19727,-1.30469,-0.11524,0.01928,-0.11367
5,9765,3,-0.01471,0.01019,-0.07147,0.99725,-0.70703,-0.98438,1.41406,3.03125,0.33398,-1.22266,-0.14337,0.01823,-0.03081
6,10743,3,0.00159,0.01025,-0.07794,0.99689,-1.33594,-1.37500,2.21094,2.52344,0.55859,-0.92969,-0.15604,0.02069,0.00157
7,9765,3,0.01562,0.01141,-0.08337,0.99634,-2.01562,-2.29297,2.05859,2.26562,0.66797,-0.66406,-0.16660,0.02535,0.02925
8,9766,3,0.02777,0.01349,-0.08740,0.99567,-2.72266,-1.17969,1.33594,2.15039,0.43945,-0.42773,-0.17428,0.03172,0.05300
9,12695,3,0.03888,0.01538,-0.09009,0.99506,-3.26953,-1.39062,0.35156,2.00195,0.17578,-0.12500,-0.17917,0.03762,0.07473
10,7813,3,0.04901,0.01599,-0.09149,0.99445,-3.74609,-1.23828,-0.17969,1.91016,-0.11133,0.16016,-0.18155,0.04079,0.09478
11,9765,3,0.05872,0.01526,-0.09143,0.99396,-3.89062,-0.73828,-1.64844,1.75781,-0.48828,0.44922,-0.18111,0.04108,0.11428
12,9766,3,0.06805,0.01276,-0.09003,0.99353,-4.03906,-0.72656,-2.92969,1.26367,-0.77344,0.86914,-0.17822,0.03761,0.13342
13,9766,3,0.07532,0.00867,-0.08698,0.99335,-4.49219,-0.79688,-4.06250,0.58008,-0.87500,1.36719,-0.17241,0.03032,0.14873
14,9765,3,0.07959,0.00378,-0.08167,0.99347,-4.62109,-0.53906,-4.75000,0.17188,-0.94922,1.72461,-0.16241,0.02052,0.15821
15,10742,3,0.08105,-0.00134,-0.07446,0.99390,-3.50000,0.11328,-4.12891,0.01367,-1.14062,1.97852,-0.14880,0.00940,0.16204
16,9766,3,0.08112,-0.00751,-0.06531,0.99451,-3.05859,-0.32422,-4.32422,-0.35938,-1.31445,2.30078,-0.13150,-0.00434,0.16305
17,9766,3,0.07977,-0.01453,-0.05493,0.99518,-2.93750,-0.71484,-5.16406,-1.12695,-1.34766,2.66602,-0.11191,-0.02015,0.16111
18,10742,3,0.07550,-0.02191,-0.04303,0.99597,-2.83203,-0.53125,-5.90234,-2.13477,-1.48828,3.08008,-0.08920,-0.03716,0.15298
19,12695,3,0.06677,-0.02972,-0.02924,0.99689,-2.69141,-0.66406,-7.64062,-3.28906,-1.37305,3.58398,-0.06240,-0.05539,0.13549
20,6836,3,0.05322,-0.03717,-0.01416,0.99780,-2.86328,-0.62891,-7.08203,-4.26172,-1.20508,3.96094,-0.03230,-0.07273,0.10775
21,9766,3,0.03351,-0.04437,0.00385,0.99847,-2.21484,-0.31641,-7.06641,-4.99023,-1.17383,4.04883,0.00472,-0.08898,0.06688
22,10742,3,0.00922,-0.05109,0.02307,0.99841,-0.19531,0.36719,-6.65234,-5.33203,-1.25000,3.81836,0.04538,-0.10261,0.01613
23,9765,3,-0.01837,-0.05817,0.04218,0.99725,0.69141,0.84766,-6.21484,-5.41406,-1.41992,3.38281,0.08694,-0.11471,-0.04184
24,9766,3,-0.04602,-0.06561,0.05896,0.99506,1.35547,0.82812,-5.76953,-5.34570,-1.59570,2.88867,0.12467,-0.12547,-0.10027
25,12695,3,-0.07306,-0.07391,0.07312,0.99188,1.83203,0.56250,-4.99609,-5.08008,-1.88477,2.32422,0.15797,-0.13637,-0.15786
26,7813,3,-0.09845,-0.08319,0.08453,0.98804,4.28906,-0.15625,-3.26953,-4.35742,-2.07031,1.58789,0.18655,-0.14829,-0.21252
27,9766,3,-0.12146,-0.09387,0.09326,0.98376,5.87109,0.26562,-1.05859,-3.27930,-2.17773,0.66406,0.21060,-0.16275,-0.26292
28,9765,3,-0.14050,-0.10590,0.09857,0.97943,7.38281,-0.03906,0.38281,-2.26758,-2.25781,-0.24609,0.22853,-0.18073,-0.30576
29,9766,3,-0.15320,-0.11810,0.09979,0.97601,8.46094,-1.13281,1.65625,-1.62500,-2.16406,-0.99805,0.23799,-0.20133,-0.33554
30,10742,3,-0.16119,-0.13031,0.09741,0.97339,8.08984,-1.58203,1.76562,-1.15039,-1.89844,-1.58398,0.23990,-0.22417,-0.35535
31,9766,3,-0.16608,-0.14191,0.09204,0.97150,8.17578,-1.48828,2.42969,-0.58789,-1.52539,-2.10938,0.23525,-0.24768,-0.36804
32,9765,3,-0.16821,-0.15222,0.08392,0.97034,8.23438,-1.53906,3.70312,-0.03906,-0.96680,-2.55664,0.22401,-0.27045,-0.37390
33,12696,3,-0.16742,-0.16003,0.07397,0.96997,7.39453,-2.29688,4.43750,0.41602,-0.46875,-2.84961,0.20715,-0.28974,-0.37216
34,7812,3,-0.16400,-0.16571,0.06165,0.97046,6.40234,-2.58203,3.79297,0.82422,-0.03711,-3.02539,0.18353,-0.30619,-0.36322
35,9766,3,-0.15820,-0.16931,0.04773,0.97162,5.12891,-2.88672,4.35938,1.44531,0.44922,-3.17773,0.15472,-0.31930,-0.34778
36,9765,3,-0.15002,-0.17053,0.03363,0.97327,4.24609,-3.04297,5.42578,2.04883,0.75000,-3.35352,0.12350,-0.32770,-0.32633
37,10742,3,-0.13892,-0.16974,0.01923,0.97546,2.90625,-3.51562,4.58984,2.27734,0.94141,-3.38086,0.08967,-0.33186,-0.29795
38,9766,3,-0.12524,-0.16772,0.00397,0.97784,1.73438,-3.85938,3.40625,2.37500,0.99414,-3.28711,0.05269,-0.33315,-0.26364
39,9766,3,-0.11102,-0.16504,-0.01080,0.97998,0.93750,-3.90234,2.93750,2.34375,0.85547,-3.11719,0.01637,-0.33192,-0.22836
40,9765,3,-0.09674,-0.16235,-0.02490,0.98169,-0.83984,-3.94531,1.75000,1.96680,0.79102,-2.75977,-0.01847,-0.32949,-0.19338
41,12696,3,-0.09674,-0.16235,-0.02490,0.98169,-2.26562,-3.96094,1.11328,1.42773,0.91602,-2.23633,-0.01847,-0.32949,-0.19338
42,7812,3,-0.07349,-0.15729,-0.04858,0.98364,-3.19141,-3.60547,0.75781,1.03711,1.03320,-1.70312,-0.07646,-0.32209,-0.13671
43,9766,3,-0.06561,-0.15350,-0.05762,0.98431,-3.62109,-2.97266,0.28906,0.74023,1.07422,-1.27930,-0.09826,-0.31491,-0.11751
44,9765,3,-0.05981,-0.14905,-0.06439,0.98492,-4.85156,-1.37109,-0.78125,0.42188,1.02344,-0.85352,-0.11457,-0.30606,-0.10362
45,10743,3,-0.05560,-0.14423,-0.06958,0.98553,-5.41797,-0.84375,-1.78125,0.02539,0.91211,-0.36719,-0.12697,-0.29633,-0.09374
46,9765,3,-0.05371,-0.13971,-0.07257,0.98608,-5.63672,-0.38672,-2.65234,-0.38477,0.68164,0.08203,-0.13398,-0.28725,-0.08942
47,9766,3,-0.05420,-0.13574,-0.07355,0.98651,-5.64453,0.24219,-3.43359,-0.70898,0.32617,0.47852,-0.13608,-0.27942,-0.09060
48,9765,3,-0.05688,-0.13300,-0.07251,0.98682,-5.35938,0.94922,-4.09375,-0.94141,-0.06836,0.85938,-0.13334,-0.27416,-0.09674
49,10743,3,-0.06140,-0.13190,-0.06958,0.98694,-5.26562,0.97266,-4.28516,-1.29102,-0.42383,1.30859,-0.12610,-0.27223,-0.10697
50,9765,3,-0.06769,-0.13239,-0.06476,0.98676,-5.58984,0.82812,-4.50000,-1.80859,-0.65234,1.78711,-0.11437,-0.27343,-0.12123
51,9766,3,-0.07648,-0.13397,-0.05786,0.98633,-4.96094,1.05469,-6.37500,-2.51562,-1.17188,2.27734,-0.09751,-0.27665,-0.14118
52,9766,3,-0.08868,-0.13708,-0.04889,0.98535,-4.85547,1.04688,-7.31641,-3.54492,-1.33594,2.74805,-0.07508,-0.28258,-0.16884
53,10742,3,-0.10571,-0.14142,-0.03790,0.98358,-5.07812,1.04297,-5.96094,-4.38281,-1.08984,3.10938,-0.04663,-0.29025,-0.20732
54,9765,3,-0.12762,-0.14508,-0.02545,0.98083,-4.47266,1.32812,-5.07031,-4.74805,-1.02539,3.29492,-0.01348,-0.29537,-0.25678
55,12696,3,-0.15125,-0.14746,-0.01294,0.97736,-2.60547,1.45312,-4.66016,-4.84375,-1.26367,3.36523,0.02019,-0.29648,-0.31008
56,6836,3,-0.17731,-0.15021,0.00079,0.97266,-1.86719,1.12500,-5.13281,-5.07031,-1.58008,3.40234,0.05733,-0.29621,-0.36918
57,10742,3,-0.20380,-0.15405,0.01483,0.96667,-1.78516,0.30078,-5.09766,-5.40625,-1.89844,3.50195,0.09578,-0.29612,-0.42985
58,9765,3,-0.23260,-0.15948,0.02991,0.95892,-1.78516,-0.45703,-5.16797,-5.84180,-1.99414,3.59570,0.13799,-0.29628,-0.49657
59,9766,3,-0.26196,-0.16541,0.04474,0.94971,-2.31250,-2.13672,-2.55078,-5.97266,-1.67773,3.58789,0.18038,-0.29501,-0.56516
60,10742,3,-0.29254,-0.17072,0.05939,0.93903,-1.52344,-2.27344,-0.72656,-5.61328,-1.34766,3.45117,0.22245,-0.28990,-0.63662
61,11719,3,-0.32208,-0.17426,0.07318,0.92761,-0.28125,-1.83984,0.75391,-4.90625,-1.13281,3.25391,0.26103,-0.27980,-0.70535
62,7812,3,-0.34802,-0.17639,0.08575,0.91675,1.10156,-1.90234,1.53125,-4.16602,-1.14648,3.07227,0.29452,-0.26688,-0.76546
63,9766,3,-0.37183,-0.17810,0.09869,0.90570,1.75391,-1.90234,1.30859,-3.66406,-1.27539,2.90039,0.32716,-0.25187,-0.82091
64,10742,3,-0.39160,-0.17993,0.11108,0.89551,1.85156,-1.82031,1.22266,-3.35156,-1.29688,2.72852,0.35724,-0.23748,-0.86755
65,11719,3,-0.40887,-0.18207,0.12292,0.88574,1.43750,-1.98438,1.42969,-3.07031,-1.08594,2.57422,0.38552,-0.22388,-0.90882
66,7813,3,-0.42419,-0.18378,0.13385,0.87659,0.95703,-2.06250,2.91016,-2.56641,-0.76562,2.37109,0.41081,-0.21017,-0.94534
67,10742,3,-0.43811,-0.18445,0.14404,0.86792,1.56641,-2.12891,3.22266,-1.96484,-0.54297,2.16797,0.43303,-0.19520,-0.97800
68,9765,3,-0.45001,-0.18390,0.15369,0.86029,2.05859,-2.12500,3.69531,-1.33203,-0.33789,1.87305,0.45216,-0.17904,-1.00519
69,9766,3,-0.45850,-0.18250,0.16174,0.85455,3.35156,-2.24609,3.75781,-0.74414,-0.24609,1.50195,0.46662,-0.16433,-1.02403
70,9766,3,-0.46423,-0.18073,0.16870,0.85052,3.78125,-2.28125,3.57422,-0.13672,-0.19922,1.05469,0.47801,-0.15136,-1.03620
71,9765,3,-0.46710,-0.17902,0.17432,0.84814,4.02734,-2.19531,3.96094,0.79102,-0.07227,0.53711,0.48658,-0.14129,-1.04194
72,9766,3,-0.46631,-0.17743,0.17828,0.84808,4.39062,-2.20312,5.12500,2.06641,-0.02148,-0.03906,0.49178,-0.13510,-1.03939
73,10742,3,-0.46075,-0.17584,0.18054,0.85101,5.98438,-2.65234,5.74219,3.19531,0.00000,-0.65234,0.49327,-0.13331,-1.02607
74,9766,3,-0.44861,-0.17419,0.18146,0.85760,6.41406,-2.91406,4.94922,3.92969,0.15625,-1.26953,0.49145,-0.13639,-0.99816
75,9765,3,-0.43250,-0.17273,0.18018,0.86639,6.83984,-3.26953,4.11719,4.26172,0.40039,-1.84766,0.48527,-0.14395,-0.96169
76,10742,3,-0.41339,-0.17114,0.17621,0.87677,6.96875,-3.44531,2.87500,4.19336,0.68945,-2.32617,0.47347,-0.15505,-0.91864
77,12696,3,-0.39355,-0.16925,0.16949,0.88751,7.17969,-2.92188,1.17578,3.97070,1.05859,-2.66406,0.45592,-0.16781,-0.87378
78,6836,3,-0.37457,-0.16687,0.16034,0.89789,7.02344,-2.86328,0.65625,3.62695,1.42773,-2.84766,0.43316,-0.18051,-0.83026
79,10742,3,-0.35632,-0.16333,0.14886,0.90784,6.90625,-2.84766,-0.08203,3.36914,1.56836,-2.94141,0.40488,-0.19164,-0.78749
80,9766,3,-0.33832,-0.15881,0.13519,0.91760,6.35547,-2.46094,-1.30469,3.14453,1.57031,-3.04883,0.37139,-0.20135,-0.74442
81,9765,3,-0.32178,-0.15436,0.12103,0.92627,5.50781,-2.33203,-1.47266,2.86523,1.72852,-3.12109,0.33715,-0.20960,-0.70450
82,10742,3,-0.30652,-0.14978,0.10638,0.93396,4.71094,-2.30469,-1.10938,2.61914,2.13281,-3.16797,0.30204,-0.21624,-0.66727
83,11719,3,-0.29236,-0.14410,0.09070,0.94104,4.40625,-2.26562,-0.81250,2.53906,2.48047,-3.28906,0.26432,-0.21995,-0.63180
84,7813,3,-0.27924,-0.13690,0.07440,0.94751,4.10547,-1.33594,-0.91797,2.43359,2.73242,-3.50391,0.22468,-0.21964,-0.59806
85,9765,3,-0.26617,-0.12842,0.05646,0.95367,3.61719,-1.24609,-1.63281,2.23242,2.88477,-3.78320,0.18124,-0.21657,-0.56411
86,10742,3,-0.25287,-0.11871,0.03583,0.95953,2.90234,-1.13672,-2.65625,1.89258,2.81445,-4.05469,0.13210,-0.21126,-0.52938
87,8789,3,-0.24103,-0.10956,0.01453,0.96417,1.87891,-1.27344,-3.58594,1.35547,2.57422,-4.18750,0.08267,-0.20572,-0.49847
88,10743,3,-0.23096,-0.10132,-0.00800,0.96765,-1.26172,-1.64453,-4.93750,0.75781,2.24609,-4.09570,0.03198,-0.20112,-0.47182
89,12695,3,-0.22357,-0.09442,-0.03040,0.96960,-2.74219,-1.66406,-5.13672,0.25000,1.93555,-3.74219,-0.01706,-0.19799,-0.45154
90,6836,3,-0.21912,-0.08899,-0.05054,0.97034,-3.86719,-1.92578,-4.62500,-0.12695,1.58984,-3.21094,-0.06027,-0.19609,-0.43825
91,10742,3,-0.21680,-0.08423,-0.06927,0.97009,-5.46875,-1.95703,-3.34766,-0.33398,1.29883,-2.54492,-0.09994,-0.19469,-0.42997
92,9766,3,-0.21619,-0.08002,-0.08588,0.96930,-5.65234,-1.94922,-2.19141,-0.36719,1.19922,-1.82617,-0.13479,-0.19345,-0.42579
93,9765,3,-0.21643,-0.07623,-0.09796,0.96838,-5.63672,-2.16016,-1.12500,-0.29297,1.20508,-1.13281,-0.16032,-0.19121,-0.42436
94,9766,3,-0.21686,-0.07178,-0.10669,0.96771,-5.78125,-2.27344,-0.59766,-0.17383,1.15820,-0.48047,-0.17940,-0.18626,-0.42410
95,10742,3,-0.21710,-0.06702,-0.11176,0.96741,-5.97656,-2.04297,-0.38281,-0.03320,1.05664,0.06445,-0.19134,-0.17915,-0.42428
96,9766,3,-0.21686,-0.06158,-0.11414,0.96753,-5.58594,-1.84375,-0.31250,0.12891,0.92773,0.45117,-0.19828,-0.16949,-0.42409
97,9765,3,-0.21619,-0.05658,-0.11401,0.96802,-4.91797,-1.60547,-0.26172,0.27148,0.70508,0.63086,-0.20013,-0.15951,-0.42340
98,9766,3,-0.21490,-0.05212,-0.11224,0.96875,-4.17188,-1.31641,-0.27734,0.36523,0.44922,0.65820,-0.19859,-0.14980,-0.42165
99,10742,3,-0.21313,-0.04877,-0.10968,0.96960,-2.82812,-0.78516,-0.49219,0.45312,0.21094,0.60547,-0.19509,-0.14180,-0.41885
100,9766,3,-0.21112,-0.04675,-0.10693,0.97046,-2.51562,-0.61719,-0.47656,0.49609,-0.00586,0.58984,-0.19072,-0.13632,-0.41536
101,9765,3,-0.20892,-0.04584,-0.10400,0.97131,-2.32422,-0.58203,-0.56641,0.56055,-0.19531,0.64648,-0.18557,-0.13289,-0.41135
102,9766,3,-0.20660,-0.04596,-0.10095,0.97211,-1.66406,-0.26953,-0.28516,0.67188,-0.36133,0.73242,-0.17980,-0.13145,-0.40697
103,10742,3,-0.20380,-0.04694,-0.09705,0.97308,-1.00391,-0.12500,-0.22266,0.80859,-0.48438,0.79102,-0.17205,-0.13127,-0.40156
104,9766,3,-0.20062,-0.04858,-0.09277,0.97406,-0.39844,-0.14062,-0.09375,1.00391,-0.58203,0.91602,-0.16338,-0.13226,-0.39541
105,9766,3,-0.19659,-0.05078,-0.08783,0.97522,-0.15625,-0.36328,0.07422,0.96875,-0.50391,0.95703,-0.15331,-0.13398,-0.38754
106,9765,3,-0.19220,-0.05298,-0.08246,0.97644,0.52734,-0.08984,0.69531,0.89062,-0.18555,0.83398,-0.14245,-0.13558,-0.37902
107,12695,3,-0.19220,-0.05298,-0.08246,0.97644,0.87109,0.14844,0.67188,0.83984,0.10352,0.65625,-0.14245,-0.13558,-0.37902
108,7813,3,-0.18427,-0.05402,-0.07379,0.97864,1.01172,0.23828,0.60156,0.75977,0.40234,0.53320,-0.12597,-0.13331,-0.36380
109,9766,3,-0.18042,-0.05255,-0.07092,0.97961,1.01953,-0.02344,0.68359,0.67773,0.68359,0.45898,-0.12129,-0.12891,-0.35643
110,10742,3,-0.17664,-0.04956,-0.06866,0.98065,0.69922,-0.19141,0.69141,0.65820,0.84766,0.42773,-0.11831,-0.12176,-0.34920
