lineno,time,accurate,i,j,k,r,aX,aY,aZ,gX,gY,gZ,rx,ry,rz
0,4789062,3,0.42365,-0.18518,0.05182,0.88519,-1.12109,-0.44531,-2.59766,-0.47852,-0.17969,-0.14258,-0.07025,-0.38088,0.90630
1,8790,3,0.42236,-0.18567,0.05005,0.88580,-1.22656,-0.54688,-2.69141,-0.65234,-0.17969,-0.05664,-0.07348,-0.38031,0.90400
2,10742,3,0.42004,-0.18646,0.04865,0.88684,-0.89062,-0.56250,-2.18750,-0.69922,-0.19336,-0.02930,-0.07586,-0.38070,0.89930
3,9765,3,0.41699,-0.18744,0.04724,0.88812,-0.85156,-0.93359,-1.89062,-0.78320,-0.21484,0.02930,-0.07810,-0.38152,0.89303
4,10743,3,0.41370,-0.18860,0.04596,0.88947,-0.82812,-1.12500,-2.04297,-0.88086,-0.25391,0.06250,-0.08017,-0.38282,0.88623
5,9765,3,0.41003,-0.18994,0.04480,0.89093,-0.76953,-1.14844,-2.09766,-0.99219,-0.28516,0.08398,-0.08202,-0.38461,0.87864
6,9766,3,0.40570,-0.19165,0.04352,0.89264,-0.93750,-1.43750,-2.18359,-1.14258,-0.37109,0.10352,-0.08413,-0.38704,0.86967
7,9765,3,0.40100,-0.19354,0.04211,0.89441,-1.12109,-1.56641,-2.50391,-1.36328,-0.46289,0.17578,-0.08647,-0.38978,0.86003
8,10743,3,0.39532,-0.19598,0.04059,0.89648,-1.53516,-1.59766,-2.73047,-1.70312,-0.52734,0.33398,-0.08910,-0.39356,0.84842
9,9765,3,0.38824,-0.19910,0.03912,0.89893,-1.88281,-1.60156,-3.08203,-2.22266,-0.58203,0.54492,-0.09156,-0.39883,0.83392
10,9766,3,0.37891,-0.20288,0.03790,0.90210,-2.29688,-1.37500,-4.52734,-2.90039,-0.47070,0.83789,-0.09305,-0.40583,0.81446
11,9765,3,0.36682,-0.20709,0.03729,0.90619,-2.56641,-1.19531,-4.85938,-3.72070,-0.25781,1.19727,-0.09227,-0.41445,0.78868
12,9766,3,0.35071,-0.21124,0.03766,0.91156,-2.92188,-1.01562,-5.35156,-4.55469,0.03711,1.59961,-0.08736,-0.42415,0.75337
13,10742,3,0.33081,-0.21484,0.03925,0.91809,-2.88281,-0.95703,-5.66406,-5.22070,0.16602,1.91992,-0.07732,-0.43394,0.70874
14,9766,3,0.30560,-0.21832,0.04218,0.92584,-2.75391,-0.91797,-6.09766,-5.75195,0.22266,2.25000,-0.06134,-0.44453,0.65151
15,9766,3,0.27747,-0.22174,0.04602,0.93365,-2.76562,-1.04688,-5.66016,-6.06445,0.18750,2.54492,-0.04134,-0.45516,0.58731
16,10742,3,0.24695,-0.22540,0.05078,0.94104,-2.55078,-0.92188,-5.59375,-6.49805,0.01367,2.83984,-0.01763,-0.46603,0.51745
17,12695,3,0.21356,-0.22986,0.05640,0.94781,-3.49609,-2.52344,-5.80469,-7.02344,-0.07422,3.19922,0.00983,-0.47780,0.44084
18,6836,3,0.18030,-0.23468,0.06232,0.95319,-3.66797,-3.38672,-5.78906,-7.50977,-0.28516,3.59570,0.03872,-0.48912,0.36422
19,9766,3,0.14105,-0.24078,0.06970,0.95776,-3.76953,-4.07422,-6.20312,-8.04492,-0.57617,3.97070,0.07487,-0.50165,0.27325
20,10742,3,0.09760,-0.24829,0.07825,0.96057,-4.57422,-7.16406,-4.64453,-8.53516,-0.46680,4.32031,0.11729,-0.51471,0.17160
21,9765,3,0.05255,-0.25580,0.08734,0.96136,-4.88281,-7.86328,-2.42969,-8.71289,-0.04297,4.47266,0.16370,-0.52474,0.06516
22,9766,3,0.00592,-0.26160,0.09705,0.96027,-4.60156,-8.23828,-0.58594,-8.37891,0.19141,4.60352,0.21377,-0.52771,-0.04562
23,13672,3,-0.04150,-0.26526,0.10748,0.95728,-3.32031,-8.35547,0.29688,-7.88477,0.01953,4.62305,0.26597,-0.52236,-0.15814
24,6836,3,-0.08441,-0.26770,0.11792,0.95251,-0.69531,-7.58203,1.12109,-7.31445,-0.16211,4.41016,0.31474,-0.51218,-0.25983
25,9765,3,-0.12683,-0.27039,0.12909,0.94562,0.60156,-6.82422,2.01953,-6.49609,-0.46680,4.13281,0.36414,-0.49905,-0.36043
26,9766,3,-0.16669,-0.27350,0.14038,0.93689,2.02734,-6.16406,1.39844,-5.83203,-1.27930,3.81250,0.41178,-0.48437,-0.45524
27,12695,3,-0.20001,-0.27832,0.15094,0.92725,2.32812,-5.55469,0.09375,-5.36523,-1.82422,3.48047,0.45509,-0.47321,-0.53645
28,7813,3,-0.22894,-0.28564,0.16107,0.91656,0.35156,-4.96875,1.02734,-4.88867,-2.03320,3.29688,0.49728,-0.46660,-0.61007
29,9766,3,-0.25562,-0.29456,0.17126,0.90472,0.47656,-4.62109,1.00391,-4.44727,-2.18750,3.15625,0.54025,-0.46167,-0.68068
30,9765,3,-0.28064,-0.30420,0.18188,0.89197,0.80078,-4.19141,0.76562,-4.11328,-2.13477,3.02539,0.58434,-0.45626,-0.74908
31,9766,3,-0.30219,-0.31317,0.19196,0.87964,1.03906,-4.71094,1.96094,-3.82422,-1.67969,2.91406,0.62516,-0.44997,-0.80946
32,10742,3,-0.32257,-0.32080,0.20160,0.86737,1.32422,-5.12891,2.95312,-3.58203,-1.21875,2.75781,0.66302,-0.44059,-0.86594
33,9766,3,-0.34155,-0.32611,0.21008,0.85608,1.74609,-5.57422,4.03125,-3.15820,-0.86719,2.56055,0.69467,-0.42777,-0.91618
34,9765,3,-0.35938,-0.32947,0.21765,0.84552,2.64453,-5.51562,5.54688,-2.46484,-0.69531,2.25195,0.72109,-0.41230,-0.96116
35,12696,3,-0.37360,-0.33130,0.22418,0.83691,5.73438,-6.21484,8.30078,-1.62695,-0.63281,1.88086,0.74152,-0.39740,-0.99594
36,7812,3,-0.38495,-0.33246,0.23059,0.82953,6.74219,-6.49609,9.55469,-0.76367,-0.53906,1.40430,0.75941,-0.38336,-1.02354
37,9766,3,-0.39191,-0.33301,0.23639,0.82440,7.46484,-6.87500,10.55469,0.19336,-0.38281,0.93945,0.77350,-0.37232,-1.04063
38,9765,3,-0.39465,-0.33289,0.24188,0.82153,7.87891,-6.82031,11.01172,1.34570,-0.16602,0.50586,0.78451,-0.36402,-1.04766
39,9766,3,-0.39240,-0.33167,0.24658,0.82172,8.19531,-6.59766,10.73828,2.51953,-0.00391,0.05664,0.79079,-0.35923,-1.04230
40,10742,3,-0.38483,-0.32904,0.25104,0.82501,8.63281,-6.13281,9.23828,3.54102,-0.02344,-0.48438,0.79296,-0.35726,-1.02379
41,9766,3,-0.37177,-0.32556,0.25507,0.83112,8.87500,-5.29297,7.05078,4.31641,-0.06445,-1.16406,0.79154,-0.35918,-0.99264
42,9765,3,-0.35419,-0.32214,0.25793,0.83917,7.89453,-4.48438,5.49219,4.75000,0.13086,-1.78516,0.78672,-0.36609,-0.95211
43,9766,3,-0.33252,-0.31860,0.25885,0.84906,7.25000,-4.55078,4.80859,5.02539,0.47852,-2.33398,0.77664,-0.37781,-0.90265
44,10742,3,-0.30902,-0.31433,0.25720,0.85999,7.16016,-4.36719,4.18359,5.33984,0.76758,-2.89648,0.75980,-0.39160,-0.84799
45,12695,3,-0.28326,-0.30878,0.25287,0.87207,7.44141,-4.23828,3.89844,5.69727,0.85352,-3.52148,0.73496,-0.40637,-0.78643
46,6836,3,-0.25604,-0.30280,0.24615,0.88440,7.25391,-3.90234,2.27734,5.81055,0.88672,-4.08203,0.70393,-0.42194,-0.72059
47,10743,3,-0.22449,-0.29626,0.23621,0.89777,6.10156,-4.28906,0.85938,5.64062,1.04297,-4.40430,0.66342,-0.43998,-0.64379
48,9765,3,-0.19391,-0.28973,0.22437,0.90997,4.92188,-4.43750,-0.73438,5.39648,1.19727,-4.56445,0.61870,-0.45595,-0.56794
49,12696,3,-0.16339,-0.28259,0.21051,0.92151,3.69141,-4.58594,-2.07031,5.08594,1.14453,-4.61133,0.56859,-0.46902,-0.49036
50,6835,3,-0.13489,-0.27539,0.19592,0.93146,0.99219,-3.57031,-4.80469,4.56836,0.64648,-4.58008,0.51756,-0.47817,-0.41650
51,10743,3,-0.13489,-0.27539,0.19592,0.93146,0.14844,-2.90234,-7.73438,3.74414,-0.16797,-4.44141,0.51756,-0.47817,-0.41650
52,9765,3,-0.08051,-0.26672,0.16357,0.94635,-1.37891,-1.94141,-9.39062,2.78320,-0.41992,-4.04102,0.41316,-0.49896,-0.27642
53,9766,3,-0.05933,-0.26709,0.14783,0.95044,-4.33594,-0.53125,-6.68750,2.12695,-0.04883,-3.49414,0.36690,-0.51225,-0.22178
54,9766,3,-0.04248,-0.26740,0.13300,0.95343,-4.50781,0.22656,-5.18750,1.78906,0.38477,-3.00391,0.32442,-0.52195,-0.17641
55,10742,3,-0.02881,-0.26593,0.11975,0.95612,-4.14844,0.75000,-4.61328,1.47461,0.54492,-2.65625,0.28629,-0.52544,-0.13773
56,9765,3,-0.01758,-0.26312,0.10809,0.95856,-3.83203,1.08984,-5.08203,1.02734,0.44336,-2.39844,0.25274,-0.52430,-0.10482
57,12696,3,-0.00897,-0.26038,0.09778,0.96051,-3.08984,2.08984,-6.64453,0.45898,0.14844,-2.23242,0.22392,-0.52178,-0.07869
58,6836,3,-0.00250,-0.25867,0.08734,0.96204,-3.05078,2.40625,-7.24219,-0.22461,-0.24219,-2.09375,0.19643,-0.52040,-0.05766
59,10742,3,0.00079,-0.25885,0.07690,0.96283,-3.32812,2.40625,-7.65625,-0.93359,-0.49805,-1.89062,0.17121,-0.52198,-0.04418
60,9765,3,0.00067,-0.26093,0.06592,0.96307,-4.10156,2.20312,-7.21094,-1.54492,-0.69336,-1.57031,0.14701,-0.52672,-0.03831
61,9766,3,-0.00287,-0.26416,0.05585,0.96283,-5.16016,1.83594,-7.21094,-2.09180,-0.95898,-1.21289,0.12699,-0.53331,-0.04069
62,10742,3,-0.00964,-0.26874,0.04645,0.96204,-5.30859,1.96094,-7.05078,-2.54492,-1.09570,-0.81250,0.11062,-0.54239,-0.05083
63,9766,3,-0.01917,-0.27417,0.03845,0.96069,-5.55469,2.02344,-6.29688,-3.01172,-1.02734,-0.34766,0.09935,-0.55312,-0.06811
64,9765,3,-0.03168,-0.27991,0.03174,0.95898,-5.80078,0.92578,-6.41016,-3.62109,-0.89258,0.21875,0.09316,-0.56432,-0.09307
65,9766,3,-0.04730,-0.28497,0.02679,0.95697,-6.38672,-0.03516,-6.82422,-4.36914,-0.71680,0.85352,0.09331,-0.57390,-0.12633
66,10742,3,-0.06726,-0.28925,0.02368,0.95459,-7.55078,-0.79297,-6.30859,-5.01562,-0.42383,1.51367,0.10082,-0.58122,-0.17086
67,12696,3,-0.09137,-0.29205,0.02264,0.95178,-8.48438,-1.77344,-5.04297,-5.35938,-0.36914,2.18164,0.11593,-0.58450,-0.22633
68,6836,3,-0.11737,-0.29346,0.02386,0.94843,-7.91016,-3.20312,-3.88281,-5.44141,-0.81836,2.72656,0.13723,-0.58363,-0.28754
69,9765,3,-0.14685,-0.29541,0.02789,0.94360,-7.04688,-3.41406,-4.00781,-5.47266,-1.33789,3.15820,0.16761,-0.58154,-0.35904
70,10742,3,-0.17792,-0.29907,0.03467,0.93689,-6.68359,-3.66406,-3.11719,-5.39062,-1.53906,3.62109,0.20634,-0.58000,-0.43711
71,9766,3,-0.20813,-0.30353,0.04358,0.92877,-6.08594,-4.12109,-2.21484,-5.20898,-1.55664,4.06250,0.24998,-0.57722,-0.51547
72,9766,3,-0.23816,-0.30774,0.05493,0.91956,-4.83594,-4.73828,-1.36328,-5.03320,-1.47266,4.41797,0.29855,-0.57019,-0.59495
73,12695,3,-0.23816,-0.30774,0.05493,0.91956,-3.99219,-4.78906,-0.83594,-4.86133,-1.23438,4.60547,0.29855,-0.57019,-0.59495
74,6836,3,-0.29535,-0.31238,0.08209,0.89917,-3.18359,-4.96094,0.10156,-4.64062,-1.02734,4.62109,0.39736,-0.53896,-0.74584
75,10742,3,-0.32355,-0.31244,0.09711,0.88788,-2.08594,-5.02344,0.83203,-4.37109,-0.95898,4.44141,0.44478,-0.51433,-0.81770
76,9766,3,-0.35101,-0.31146,0.11230,0.87585,0.76953,-5.91797,2.02344,-4.12109,-1.06641,4.07227,0.48896,-0.48564,-0.88577
77,9765,3,-0.37543,-0.31067,0.12592,0.86414,2.35156,-6.00000,3.17188,-3.73438,-1.20117,3.59375,0.52675,-0.45822,-0.94530
78,9766,3,-0.39752,-0.31073,0.13843,0.85223,3.92188,-5.64844,4.16016,-3.21875,-1.16602,3.08594,0.56104,-0.43296,-0.99945
79,13672,3,-0.41571,-0.31140,0.14905,0.84143,6.55859,-5.90234,6.21875,-2.58984,-0.94727,2.56641,0.58980,-0.41165,-1.04442
80,6836,3,-0.43158,-0.31201,0.15857,0.83136,7.47656,-5.89844,6.95312,-1.89258,-0.69531,2.04883,0.61474,-0.39190,-1.08351
81,9765,3,-0.44385,-0.31219,0.16644,0.82330,8.23438,-5.60547,7.23828,-1.13477,-0.43945,1.52344,0.63400,-0.37504,-1.11322
82,10743,3,-0.45270,-0.31177,0.17291,0.81726,8.75391,-4.97266,7.04297,-0.43555,-0.21094,0.95312,0.64828,-0.36083,-1.13411
83,9765,3,-0.45758,-0.31097,0.17749,0.81390,8.68359,-3.45703,5.35938,0.13477,-0.09570,0.38672,0.65696,-0.35092,-1.14503
84,10742,3,-0.45911,-0.31018,0.18030,0.81268,8.20312,-2.77344,4.07422,0.48047,0.05469,-0.14062,0.66134,-0.34545,-1.14810
85,8789,3,-0.45801,-0.30969,0.18134,0.81329,7.25391,-2.39062,3.05469,0.64844,0.32031,-0.55469,0.66205,-0.34440,-1.14517
86,10743,3,-0.45538,-0.30920,0.18030,0.81519,4.96875,-2.30469,2.38672,0.77344,0.52539,-0.84180,0.65858,-0.34681,-1.13846
87,9765,3,-0.45178,-0.30841,0.17755,0.81812,4.77734,-2.43750,2.23828,0.89258,0.71875,-1.09570,0.65125,-0.35137,-1.12883
88,9766,3,-0.44745,-0.30725,0.17340,0.82178,4.60156,-2.60547,2.67188,1.07422,0.88672,-1.37891,0.64065,-0.35737,-1.11690
89,9765,3,-0.44220,-0.30585,0.16803,0.82623,4.64453,-2.80859,3.06250,1.34766,0.97070,-1.66016,0.62709,-0.36484,-1.10230
90,10743,3,-0.43591,-0.30438,0.16174,0.83136,4.39844,-3.13281,3.93359,1.76562,1.06445,-1.89844,0.61129,-0.37373,-1.08503
91,12695,3,-0.42725,-0.30267,0.15417,0.83789,4.06641,-3.10938,4.44922,2.33008,1.11719,-2.05469,0.59176,-0.38491,-1.06175
92,6836,3,-0.41681,-0.30078,0.14679,0.84515,3.77344,-3.16016,4.28516,2.87695,0.97852,-2.18359,0.57134,-0.39633,-1.03416
93,9766,3,-0.40326,-0.29877,0.13947,0.85358,3.46484,-3.01172,3.24609,3.23242,0.76367,-2.33203,0.54935,-0.40889,-0.99943
94,10742,3,-0.38666,-0.29730,0.13226,0.86292,1.71484,-2.26562,1.01172,3.34961,0.53516,-2.38867,0.52652,-0.42334,-0.95822
95,9765,3,-0.36951,-0.29681,0.12567,0.87152,0.88672,-2.03125,-0.41016,3.28516,0.29688,-2.39453,0.50545,-0.43841,-0.91695
96,9766,3,-0.35168,-0.29724,0.11932,0.87964,-0.40625,-1.69922,-1.26562,3.12695,0.24414,-2.30273,0.48512,-0.45447,-0.87498
97,9766,3,-0.33411,-0.29822,0.11310,0.88696,-2.73828,-1.22266,-0.87891,2.94727,0.46875,-2.06641,0.46525,-0.47060,-0.83397
98,10742,3,-0.31757,-0.29846,0.10724,0.89362,-3.47656,-1.23047,-0.25391,2.86133,0.89062,-1.72461,0.44527,-0.48400,-0.79455
99,9765,3,-0.30200,-0.29681,0.10187,0.90021,-3.46875,-1.37891,0.49219,2.94141,1.32227,-1.38477,0.42418,-0.49250,-0.75551
100,9766,3,-0.28729,-0.29266,0.09735,0.90680,-2.99219,-1.40625,0.96094,3.17578,1.68945,-1.04883,0.40249,-0.49481,-0.71660
101,12695,3,-0.27283,-0.28619,0.09412,0.91370,-2.12109,-1.42188,1.94531,3.51367,1.96875,-0.69727,0.38129,-0.49112,-0.67700
102,7813,3,-0.25732,-0.27747,0.09222,0.92102,-1.77344,-1.57031,1.75781,3.93359,1.94141,-0.40430,0.36068,-0.48211,-0.63447
103,9765,3,-0.24005,-0.26721,0.09216,0.92871,-1.85547,-1.63672,1.20703,4.49414,1.70117,-0.18555,0.34238,-0.46908,-0.58845
104,9766,3,-0.22028,-0.25671,0.09412,0.93634,-2.04688,-1.54297,1.18750,4.89844,1.37500,0.02539,0.32793,-0.45479,-0.53863
105,9766,3,-0.19861,-0.24719,0.09796,0.94330,-2.37891,-1.65234,-0.47266,4.96875,0.83398,0.24219,0.31841,-0.44168,-0.48709
106,10742,3,-0.17621,-0.23938,0.10333,0.94916,-2.71484,-1.11328,-2.40234,4.92773,0.16602,0.33008,0.31395,-0.43128,-0.43643
107,12695,3,-0.15332,-0.23413,0.10992,0.95374,-3.08203,-0.39453,-3.71484,4.75586,-0.33398,0.40039,0.31418,-0.42562,-0.38721
108,7813,3,-0.13129,-0.23157,0.11700,0.95679,-3.61719,-0.08984,-3.36719,4.60742,-0.59961,0.80078,0.31784,-0.42509,-0.34188
109,8789,3,-0.10956,-0.23059,0.12531,0.95868,-3.67188,-0.68359,-3.30078,4.25000,-0.94727,0.95312,0.32528,-0.42761,-0.29880
110,10742,3,-0.08777,-0.23102,0.13531,0.95947,-3.80469,0.48828,-3.95312,3.67383,-1.39062,0.91602,0.33709,-0.43297,-0.25726
111,9766,3,-0.06903,-0.23346,0.14471,0.95905,-3.07812,1.02734,-4.75781,2.89258,-1.45312,1.07031,0.34986,-0.44209,-0.22310
112,9765,3,-0.05432,-0.23730,0.15308,0.95776,-0.30469,0.63672,-3.30078,2.23047,-0.93945,1.03711,0.36274,-0.45329,-0.19784
