lineno,time,accurate,i,j,k,r,aX,aY,aZ,gX,gY,gZ,rx,ry,rz
0,1074219,3,-0.17041,-0.39252,0.00055,0.90381,-1.65234,-1.92188,-0.62109,-3.57422,0.83984,3.59570,0.19239,-0.78857,-0.45297
1,7812,3,-0.19263,-0.38538,0.00720,0.90240,-1.71875,-1.98438,0.26953,-3.44336,0.61133,4.05859,0.22581,-0.76530,-0.51182
2,9766,3,-0.21613,-0.37823,0.01654,0.89996,-1.37891,-1.89844,0.46875,-3.25977,0.45898,4.41406,0.26459,-0.73915,-0.57438
3,9765,3,-0.24011,-0.37103,0.02863,0.89661,-1.35156,-2.16406,1.11328,-3.04102,0.36523,4.69336,0.30735,-0.70965,-0.63798
4,13672,3,-0.26282,-0.36389,0.04218,0.89264,-1.18359,-2.19922,1.31641,-2.87305,0.36914,4.85938,0.34938,-0.67825,-0.69703
5,6836,3,-0.28418,-0.35651,0.05670,0.88824,-1.04297,-2.13672,1.28906,-2.73633,0.62500,4.93359,0.38932,-0.64484,-0.75083
6,9766,3,-0.30530,-0.34790,0.07214,0.88348,-1.32031,-1.89062,1.91016,-2.49023,0.78711,5.00977,0.42676,-0.60734,-0.80102
7,9765,3,-0.32690,-0.33728,0.08899,0.87830,-1.33594,-1.83594,1.69141,-2.17578,0.41992,4.84180,0.46210,-0.56369,-0.84866
8,10743,3,-0.34558,-0.32745,0.10510,0.87311,-0.80078,-1.16406,0.81250,-1.76172,-0.60547,4.48828,0.49268,-0.52262,-0.88805
9,8789,3,-0.36194,-0.32050,0.12219,0.86682,0.04688,-0.82812,-0.27344,-1.51367,-0.80664,4.38281,0.52587,-0.48608,-0.92436
10,13672,3,-0.37506,-0.31647,0.13879,0.86017,-0.79688,-1.09766,0.02344,-1.50586,-0.93164,4.30664,0.55902,-0.45596,-0.95535
11,6835,3,-0.38794,-0.31281,0.15649,0.85272,-0.37109,-1.37891,-0.32812,-1.56055,-1.05859,4.17969,0.59354,-0.42472,-0.98559
12,10743,3,-0.40027,-0.30981,0.17365,0.84479,0.13281,-1.14453,0.17188,-1.52344,-1.07422,4.00586,0.62669,-0.39460,-1.01432
13,9765,3,-0.41272,-0.30707,0.19110,0.83594,0.87500,-0.87109,0.26172,-1.45117,-0.95703,3.84961,0.65996,-0.36362,-1.04299
14,9766,3,-0.42407,-0.30438,0.20715,0.82739,0.92578,-1.25000,1.05859,-1.31055,-0.67969,3.70312,0.68951,-0.33418,-1.06825
15,10742,3,-0.43475,-0.30096,0.22223,0.81915,1.31250,-1.30078,1.19922,-1.13086,-0.57422,3.53906,0.71545,-0.30453,-1.09046
16,9766,3,-0.44452,-0.29681,0.23639,0.81140,1.54688,-1.22656,0.58984,-1.01758,-0.53516,3.41602,0.73799,-0.27498,-1.10928
17,9765,3,-0.45337,-0.29242,0.24982,0.80408,1.29297,-1.21094,0.16406,-1.01367,-0.47852,3.26758,0.75822,-0.24622,-1.12532
18,12696,3,-0.45337,-0.29242,0.24982,0.80408,1.36719,-1.24609,-0.30859,-1.15625,-0.49219,3.17969,0.75822,-0.24622,-1.12532
19,6836,3,-0.46979,-0.28387,0.27454,0.78955,1.08203,-1.29688,-0.71484,-1.30078,-0.34961,3.12109,0.79412,-0.19148,-1.15397
20,9765,3,-0.47839,-0.27972,0.28595,0.78174,1.00391,-1.15625,-0.02344,-1.16992,-0.13477,2.87109,0.81031,-0.16449,-1.16901
21,10742,3,-0.48706,-0.27515,0.29645,0.77405,1.91797,-0.76562,0.55469,-0.87695,-0.28125,2.56445,0.82407,-0.13762,-1.18351
22,9766,3,-0.49475,-0.27057,0.30634,0.76697,2.50781,-0.84766,-0.15625,-0.76953,-0.38281,2.28125,0.83641,-0.11214,-1.19569
23,10742,3,-0.50073,-0.26697,0.31537,0.76062,2.52734,-0.91016,0.16016,-0.72852,-0.28906,2.03125,0.84832,-0.09041,-1.20526
24,9766,3,-0.50586,-0.26398,0.32343,0.75482,2.36719,-1.09766,0.33594,-0.65039,-0.29883,1.81250,0.85917,-0.07136,-1.21355
25,9765,3,-0.51050,-0.26135,0.33044,0.74957,1.91797,-1.13672,0.14062,-0.50391,-0.38867,1.63281,0.86853,-0.05445,-1.22105
26,10743,3,-0.51434,-0.25916,0.33710,0.74475,1.87500,-1.07422,-0.03516,-0.35938,-0.41016,1.51953,0.87773,-0.03926,-1.22724
27,8789,3,-0.51715,-0.25739,0.34320,0.74066,1.77344,-1.16016,0.11719,-0.18555,-0.37500,1.44141,0.88644,-0.02630,-1.23156
28,10742,3,-0.51941,-0.25543,0.34955,0.73669,1.24609,-0.96094,0.75391,0.09180,-0.31641,1.38672,0.89545,-0.01323,-1.23458
29,9766,3,-0.52081,-0.25305,0.35583,0.73358,1.33203,-0.95312,0.68750,0.29688,-0.24023,1.33984,0.90370,-0.00062,-1.23506
30,9765,3,-0.52124,-0.25024,0.36182,0.73126,1.25781,-0.96094,0.58594,0.43164,-0.12500,1.22656,0.91099,0.01120,-1.23304
31,9766,3,-0.52118,-0.24695,0.36755,0.72961,1.51953,-0.85938,0.55469,0.58008,0.03516,1.01953,0.91724,0.02277,-1.22930
32,10742,3,-0.52063,-0.24347,0.37231,0.72876,1.96484,-0.61719,1.51172,0.80859,0.33789,0.66992,0.92159,0.03282,-1.22436
33,9766,3,-0.51935,-0.23920,0.37604,0.72919,2.39844,-0.53125,2.05469,1.20312,0.53320,0.31641,0.92315,0.04176,-1.21700
34,9765,3,-0.51703,-0.23450,0.37805,0.73126,2.95703,-0.59375,1.88281,1.69727,0.57227,-0.01953,0.92120,0.04799,-1.20705
35,10742,3,-0.51288,-0.22931,0.37897,0.73535,3.37109,-0.57031,1.51953,2.16992,0.48828,-0.37305,0.91675,0.05151,-1.19262
36,9766,3,-0.50641,-0.22430,0.37927,0.74121,3.40234,-0.44922,0.78125,2.44531,0.24805,-0.62305,0.91158,0.05164,-1.17343
37,9766,3,-0.49799,-0.21991,0.37921,0.74823,3.25781,-0.76562,-0.34766,2.35938,0.05469,-0.75977,0.90663,0.04862,-1.15077
38,9765,3,-0.48840,-0.21655,0.37903,0.75562,2.47266,-0.85938,-0.98828,2.21484,0.08594,-0.89062,0.90272,0.04299,-1.12679
39,10742,3,-0.47919,-0.21411,0.37842,0.76245,1.82812,-0.60938,-0.14844,2.14062,0.24609,-1.06641,0.89910,0.03618,-1.10474
40,12696,3,-0.46973,-0.21167,0.37671,0.76984,1.85938,-0.77734,0.23047,2.13867,0.47461,-1.23828,0.89333,0.02800,-1.08231
41,6836,3,-0.46130,-0.20923,0.37402,0.77692,1.70312,-1.06641,0.40234,2.25781,0.78906,-1.41992,0.88562,0.01997,-1.06217
42,9765,3,-0.45239,-0.20575,0.36981,0.78497,1.73828,-1.32031,1.01953,2.57812,1.16016,-1.68359,0.87391,0.01159,-1.04023
43,10743,3,-0.44238,-0.20074,0.36383,0.79474,3.02344,-1.59766,2.17969,2.94922,1.45312,-1.98438,0.85707,0.00283,-1.01456
44,9765,3,-0.43207,-0.19482,0.35675,0.80505,3.29297,-1.78516,2.03125,3.36328,1.68164,-2.24805,0.83718,-0.00541,-0.98755
45,9766,3,-0.41986,-0.18744,0.34802,0.81702,3.42969,-1.83984,1.65625,3.71289,1.77734,-2.46680,0.81265,-0.01404,-0.95544
46,9765,3,-0.40613,-0.17926,0.33826,0.82971,3.57031,-2.05078,0.34375,3.87305,1.70508,-2.66406,0.78547,-0.02272,-0.91981
47,10743,3,-0.39087,-0.17090,0.32764,0.84302,3.46875,-1.86328,-0.69141,3.96289,1.41016,-2.83984,0.75646,-0.03202,-0.88103
48,9765,3,-0.37415,-0.16327,0.31641,0.85632,3.24609,-1.78516,-1.86719,3.97656,1.03906,-3.00977,0.72702,-0.04287,-0.84016
49,9766,3,-0.35651,-0.15723,0.30499,0.86902,2.53906,-1.63672,-2.23438,4.10938,0.88281,-3.21289,0.69864,-0.05583,-0.79895
50,12695,3,-0.33850,-0.15271,0.29358,0.88086,1.70703,-1.58203,-0.75391,4.29297,0.80273,-3.28125,0.67145,-0.07034,-0.75832
51,7813,3,-0.31885,-0.14844,0.28143,0.89282,1.29297,-2.10156,-0.72656,4.34961,0.86328,-3.22656,0.64272,-0.08569,-0.71455
52,9765,3,-0.29785,-0.14380,0.26886,0.90460,0.71484,-2.42188,-0.66406,4.43555,1.26172,-3.22266,0.61257,-0.10017,-0.66787
53,9766,3,-0.27618,-0.13776,0.25562,0.91620,0.48828,-2.23828,-0.21094,4.52930,1.67578,-3.25391,0.57982,-0.11146,-0.61885
54,9766,3,-0.25488,-0.12970,0.24188,0.92719,1.14844,-2.10938,-0.48438,4.45117,2.09180,-3.26562,0.54480,-0.11748,-0.56940
55,10742,3,-0.23407,-0.11969,0.22760,0.93762,1.41406,-2.29297,-1.15625,4.25586,2.40430,-3.24609,0.50774,-0.11817,-0.51998
56,9765,3,-0.21429,-0.10815,0.21271,0.94720,1.60156,-2.23828,-1.87891,4.02539,2.52148,-3.26758,0.46925,-0.11396,-0.47225
57,9766,3,-0.19592,-0.09601,0.19769,0.95569,1.83203,-2.01953,-2.30469,3.54883,2.56445,-3.30664,0.43106,-0.10624,-0.42769
58,9766,3,-0.17798,-0.08289,0.18097,0.96368,1.77344,-1.75000,-3.75000,2.93164,2.50977,-3.30859,0.38983,-0.09548,-0.38412
59,10742,3,-0.16315,-0.07068,0.16443,0.97021,1.50000,-1.38672,-4.11719,2.72852,2.29102,-3.43164,0.35047,-0.08360,-0.34800
60,12695,3,-0.15021,-0.05963,0.14764,0.97577,2.11328,-0.83594,-3.23047,2.74023,1.98633,-3.67188,0.31186,-0.07208,-0.31681
61,6836,3,-0.13770,-0.05017,0.13043,0.98059,1.43359,-1.44531,-2.55859,2.45508,1.75000,-3.70703,0.27353,-0.06251,-0.28762
62,9766,3,-0.12531,-0.04199,0.11237,0.98486,0.47656,-1.75781,-3.05859,1.96875,1.64258,-3.57812,0.23433,-0.05458,-0.25953
63,10742,3,-0.11401,-0.03442,0.09338,0.98846,0.08594,-1.42188,-3.58984,1.52344,1.55273,-3.46484,0.19389,-0.04678,-0.23422
64,9765,3,-0.10547,-0.02777,0.07587,0.99115,-0.10938,-1.06641,-3.67578,1.25195,1.46289,-3.38086,0.15701,-0.03906,-0.21510
65,9766,3,-0.09857,-0.02155,0.05859,0.99316,-0.33984,-0.56250,-2.71094,1.10742,1.45508,-3.30469,0.12099,-0.03125,-0.19975
66,10742,3,-0.09283,-0.01575,0.04205,0.99469,-0.38281,-0.75781,-2.16016,0.98633,1.49414,-3.17188,0.08671,-0.02352,-0.18714
67,9766,3,-0.08759,-0.00964,0.02563,0.99579,-0.79688,-0.95312,-2.10547,0.80078,1.42188,-2.99609,0.05277,-0.01472,-0.17585
68,12695,3,-0.08313,-0.00372,0.01013,0.99646,-1.82031,-0.62500,-2.62109,0.60352,1.21875,-2.81445,0.02081,-0.00574,-0.16652
69,6836,3,-0.07977,0.00140,-0.00360,0.99683,-2.46875,-0.45703,-2.55859,0.50391,0.92383,-2.64062,-0.00740,0.00222,-0.15972
70,10742,3,-0.07697,0.00555,-0.01709,0.99689,-2.60547,-0.28125,-2.09766,0.58398,0.63281,-2.50195,-0.03494,0.00844,-0.15425
71,8789,3,-0.07416,0.00848,-0.03027,0.99677,-2.33594,-0.29688,-1.41797,0.71680,0.32812,-2.43359,-0.06165,0.01242,-0.14891
72,10743,3,-0.07098,0.00977,-0.04187,0.99652,-1.48828,-0.39844,-1.27734,0.66211,0.06445,-2.42578,-0.08495,0.01352,-0.14280
73,10742,3,-0.06750,0.00964,-0.05389,0.99622,-1.73438,-0.54688,-1.36328,0.51172,-0.05469,-2.32812,-0.10891,0.01194,-0.13597
74,9765,3,-0.06470,0.00867,-0.06531,0.99573,-2.30859,-0.60156,-1.17188,0.44922,-0.08594,-2.09766,-0.13156,0.00881,-0.13035
75,9766,3,-0.06238,0.00739,-0.07599,0.99512,-2.91406,-0.72266,-0.60547,0.46680,-0.12305,-1.82227,-0.15276,0.00522,-0.12560
76,12695,3,-0.06018,0.00598,-0.08527,0.99451,-2.94531,-0.51172,-0.14453,0.52148,-0.15820,-1.60156,-0.17115,0.00163,-0.12102
77,7813,3,-0.05798,0.00458,-0.09290,0.99396,-2.66797,-0.35938,-0.11328,0.49414,-0.14258,-1.41211,-0.18628,-0.00167,-0.11638
78,9765,3,-0.05548,0.00311,-0.09991,0.99347,-2.67188,-0.56641,0.00000,0.38672,-0.09375,-1.22461,-0.20020,-0.00490,-0.11108
79,9766,3,-0.05328,0.00183,-0.10608,0.99292,-2.73047,-0.53516,-0.03906,0.28711,-0.06641,-1.09180,-0.21246,-0.00767,-0.10641
80,9766,3,-0.05164,0.00092,-0.11127,0.99243,-2.79297,-0.76562,0.14453,0.20508,-0.01758,-0.94141,-0.22280,-0.00967,-0.10288
81,10742,3,-0.05042,0.00024,-0.11578,0.99200,-2.95703,-0.93750,0.37500,0.25586,0.00586,-0.81836,-0.23182,-0.01119,-0.10025
82,8789,3,-0.04932,-0.00018,-0.11975,0.99158,-2.69531,-0.96094,0.83594,0.35742,-0.07422,-0.77539,-0.23978,-0.01217,-0.09792
83,10742,3,-0.04785,-0.00079,-0.12299,0.99127,-2.48047,-0.87500,0.59766,0.37891,-0.19141,-0.71289,-0.24624,-0.01334,-0.09482
84,9766,3,-0.04602,-0.00195,-0.12622,0.99091,-2.65625,-0.83984,0.41406,0.34961,-0.31250,-0.62500,-0.25269,-0.01549,-0.09085
85,10742,3,-0.04431,-0.00366,-0.12903,0.99066,-2.64844,-0.72266,0.25391,0.30859,-0.48828,-0.54492,-0.25822,-0.01869,-0.08697
86,9766,3,-0.04291,-0.00598,-0.13135,0.99042,-2.65234,-0.52344,0.02344,0.23047,-0.59961,-0.41992,-0.26273,-0.02312,-0.08354
87,9765,3,-0.04193,-0.00903,-0.13306,0.99017,-2.75000,-0.55469,-0.05469,0.19531,-0.65039,-0.25781,-0.26598,-0.02905,-0.08076
88,9766,3,-0.04126,-0.01239,-0.13409,0.99005,-2.85156,-0.57812,0.13672,0.18945,-0.61719,-0.06055,-0.26785,-0.03561,-0.07850
89,9765,3,-0.04065,-0.01575,-0.13422,0.98999,-2.86719,-0.71094,0.22266,0.20898,-0.51758,0.17578,-0.26789,-0.04210,-0.07640
90,10743,3,-0.04004,-0.01868,-0.13330,0.99011,-2.50391,-0.81250,0.41406,0.23633,-0.42773,0.40234,-0.26588,-0.04767,-0.07446
91,9765,3,-0.03925,-0.02118,-0.13123,0.99036,-2.24219,-0.67188,0.29688,0.31055,-0.37500,0.53516,-0.26158,-0.05227,-0.07234
92,9766,3,-0.03821,-0.02332,-0.12830,0.99072,-1.62109,-0.61328,0.37500,0.36523,-0.36328,0.56250,-0.25560,-0.05603,-0.06989
93,10742,3,-0.03680,-0.02533,-0.12494,0.99115,-1.11719,-0.64453,0.42188,0.36719,-0.35938,0.54883,-0.24880,-0.05944,-0.06680
94,9766,3,-0.03522,-0.02728,-0.12158,0.99158,-0.84375,-0.67578,0.46094,0.37305,-0.42383,0.49023,-0.24202,-0.06271,-0.06337
95,9765,3,-0.03369,-0.02936,-0.11847,0.99194,-0.83594,-0.58984,0.49609,0.38281,-0.58203,0.39062,-0.23575,-0.06628,-0.06005
96,9766,3,-0.03217,-0.03204,-0.11578,0.99225,-0.92188,-0.39844,0.33594,0.39648,-0.85156,0.24805,-0.23031,-0.07110,-0.05658
97,10742,3,-0.03070,-0.03583,-0.11353,0.99243,-1.13672,-0.28516,0.19141,0.44336,-1.66406,0.08984,-0.22572,-0.07816,-0.05299
98,12695,3,-0.02930,-0.04230,-0.11200,0.99237,-1.30078,-0.59375,-0.87500,0.38086,-1.88086,0.27344,-0.22255,-0.09064,-0.04889
99,6836,3,-0.02826,-0.05103,-0.11035,0.99219,-1.08203,-0.76953,0.71094,0.58203,-1.76172,0.23438,-0.21910,-0.10770,-0.04509
100,9766,3,-0.02698,-0.06024,-0.10834,0.99194,-0.59375,-0.05078,1.27344,0.86914,-1.57031,0.07227,-0.21500,-0.12568,-0.04080
101,10742,3,-0.02423,-0.06897,-0.10675,0.99158,-0.52734,-0.42578,1.55469,1.09961,-1.40039,0.06836,-0.21209,-0.14244,-0.03368
102,9766,3,-0.01996,-0.07721,-0.10541,0.99121,-1.05859,-0.87500,1.12109,1.21875,-1.38086,0.22656,-0.21002,-0.15793,-0.02359
