lineno,time,accurate,i,j,k,r,aX,aY,aZ,gX,gY,gZ,rx,ry,rz
0,3265625,3,-0.01245,-0.08990,0.11102,0.98969,0.68359,-0.51562,-3.36328,-0.63086,-0.30469,-0.07227,0.22743,-0.17609,-0.04532
1,9765,3,-0.01520,-0.09161,0.11047,0.98950,0.81641,-0.50000,-3.73047,-0.73438,-0.35742,-0.13477,0.22696,-0.17891,-0.05116
2,12696,3,-0.01837,-0.09369,0.10962,0.98938,1.01172,-0.32422,-4.56250,-0.87305,-0.37695,-0.20117,0.22599,-0.18237,-0.05788
3,7812,3,-0.02185,-0.09576,0.10840,0.98926,1.05078,-0.21484,-4.89453,-1.04492,-0.37305,-0.24023,0.22435,-0.18580,-0.06516
4,9766,3,-0.02637,-0.09821,0.10681,0.98907,0.85938,-0.16797,-5.13672,-1.22852,-0.34570,-0.26172,0.22225,-0.18977,-0.07454
5,9765,3,-0.03186,-0.10071,0.10492,0.98883,0.66797,-0.21094,-5.16797,-1.39844,-0.29688,-0.27734,0.21976,-0.19370,-0.08585
6,9766,3,-0.03802,-0.10303,0.10291,0.98859,0.28906,-0.70703,-4.83984,-1.55469,-0.22656,-0.25781,0.21718,-0.19716,-0.09845
7,10742,3,-0.04517,-0.10510,0.10077,0.98828,-0.00781,-0.87109,-4.61719,-1.66406,-0.14062,-0.23047,0.21457,-0.19998,-0.11295
8,9766,3,-0.05286,-0.10687,0.09869,0.98798,-0.21484,-1.06641,-4.16406,-1.75000,-0.02734,-0.21680,0.21218,-0.20210,-0.12849
9,9765,3,-0.06091,-0.10815,0.09668,0.98755,-0.45312,-1.17188,-3.87109,-1.84180,0.12109,-0.18555,0.20995,-0.20323,-0.14469
10,9766,3,-0.06995,-0.10883,0.09460,0.98706,-0.57031,-1.12500,-3.68750,-1.93359,0.30273,-0.12500,0.20771,-0.20300,-0.16272
11,10742,3,-0.07928,-0.10876,0.09271,0.98657,-0.71484,-1.09766,-3.45703,-2.02148,0.47852,-0.06641,0.20575,-0.20126,-0.18123
12,9766,3,-0.08929,-0.10773,0.09094,0.98596,-0.82031,-1.02344,-3.23438,-2.11719,0.56836,-0.02539,0.20392,-0.19748,-0.20091
13,9765,3,-0.09967,-0.10614,0.08936,0.98529,-1.19531,-1.06641,-3.04297,-2.21484,0.56445,0.00391,0.20233,-0.19254,-0.22124
14,10743,3,-0.11066,-0.10431,0.08783,0.98444,-1.26172,-1.01562,-2.83984,-2.27148,0.49609,0.00000,0.20085,-0.18703,-0.24277
15,9765,3,-0.12195,-0.10266,0.08630,0.98346,-1.19922,-0.84375,-2.64062,-2.29688,0.39648,-0.02344,0.19937,-0.18187,-0.26498
16,11719,3,-0.13330,-0.10144,0.08484,0.98224,-0.90234,-0.78516,-2.19531,-2.35352,0.30078,-0.05664,0.19809,-0.17758,-0.28747
17,7813,3,-0.14447,-0.10077,0.08325,0.98083,-0.70703,-0.73438,-1.78906,-2.41406,0.18164,-0.08789,0.19666,-0.17451,-0.30974
18,10742,3,-0.15674,-0.10059,0.08142,0.97913,-0.61719,-0.73828,-1.21094,-2.44531,0.11719,-0.11523,0.19508,-0.17230,-0.33437
19,8789,3,-0.16852,-0.10095,0.07959,0.97729,-0.25781,-0.75781,-0.48438,-2.43945,0.12305,-0.14453,0.19361,-0.17133,-0.35819
20,10742,3,-0.18005,-0.10138,0.07770,0.97534,0.54688,-1.19141,1.06641,-2.40234,0.21094,-0.15039,0.19201,-0.17060,-0.38157
21,9766,3,-0.19226,-0.10162,0.07550,0.97314,0.75391,-1.31641,2.04297,-2.31055,0.37305,-0.11328,0.18987,-0.16957,-0.40629
22,10742,3,-0.20392,-0.10126,0.07336,0.97095,1.04688,-1.33594,2.91016,-2.18750,0.53906,-0.10938,0.18747,-0.16750,-0.42981
23,9765,3,-0.21484,-0.09998,0.07123,0.96893,1.38281,-1.19531,3.57031,-2.06836,0.66016,-0.13477,0.18448,-0.16386,-0.45159
24,12696,3,-0.22528,-0.09796,0.06897,0.96692,1.61719,-1.42969,4.80469,-1.90820,0.76562,-0.15430,0.18076,-0.15903,-0.47225
25,7812,3,-0.23480,-0.09540,0.06659,0.96503,1.67188,-1.50391,5.64844,-1.69141,0.82227,-0.19141,0.17630,-0.15346,-0.49094
26,9766,3,-0.24371,-0.09241,0.06396,0.96332,1.69531,-1.46875,6.33984,-1.47656,0.81836,-0.22656,0.17095,-0.14739,-0.50824
27,9765,3,-0.25171,-0.08911,0.06116,0.96173,1.41016,-1.25000,7.17578,-1.28711,0.76172,-0.29102,0.16488,-0.14109,-0.52364
28,9766,3,-0.25854,-0.08606,0.05835,0.96039,1.53516,-1.37109,7.77344,-1.06641,0.62305,-0.31641,0.15869,-0.13554,-0.53674
29,10742,3,-0.26428,-0.08344,0.05548,0.95923,1.39062,-1.16406,8.16797,-0.84180,0.40820,-0.36914,0.15243,-0.13112,-0.54772
30,8789,3,-0.26880,-0.08173,0.05286,0.95825,1.49219,-1.24609,8.58984,-0.60938,0.12109,-0.49219,0.14698,-0.12857,-0.55644
31,10743,3,-0.27209,-0.08124,0.05029,0.95752,1.68359,-1.42188,9.39453,-0.35352,-0.09961,-0.60156,0.14217,-0.12856,-0.56290
32,9765,3,-0.27423,-0.08209,0.04742,0.95697,1.99609,-1.73438,9.83203,-0.03516,-0.31250,-0.67773,0.13741,-0.13149,-0.56723
33,10742,3,-0.27490,-0.08405,0.04456,0.95679,2.24609,-1.95703,10.18359,0.30664,-0.46289,-0.75977,0.13309,-0.13675,-0.56869
34,9766,3,-0.27380,-0.08685,0.04181,0.95691,2.48438,-2.24219,10.37500,0.61719,-0.58789,-0.85352,0.12928,-0.14383,-0.56670
35,9766,3,-0.27118,-0.09045,0.03894,0.95746,3.16406,-1.79688,9.20312,0.84570,-0.64844,-0.95508,0.12541,-0.15269,-0.56161
36,9765,3,-0.26709,-0.09448,0.03583,0.95837,3.41406,-1.52344,8.40625,1.03320,-0.63477,-1.03711,0.12103,-0.16267,-0.55347
37,10742,3,-0.26202,-0.09875,0.03247,0.95947,3.42188,-1.23438,7.59375,1.19922,-0.58398,-1.09180,0.11605,-0.17335,-0.54328
38,9766,3,-0.25604,-0.10291,0.02875,0.96075,3.12109,-0.80469,5.93750,1.33008,-0.54883,-1.14062,0.11001,-0.18405,-0.53106
39,9766,3,-0.24927,-0.10687,0.02484,0.96222,2.90234,-0.65625,5.07812,1.42383,-0.56641,-1.23047,0.10321,-0.19450,-0.51704
40,9765,3,-0.24182,-0.11096,0.02057,0.96375,2.80078,-0.68750,4.21094,1.48633,-0.60742,-1.33398,0.09546,-0.20537,-0.50153
41,9766,3,-0.23407,-0.11517,0.01599,0.96527,2.60938,-0.80078,3.57422,1.54883,-0.63086,-1.43164,0.08692,-0.21654,-0.48525
42,12695,3,-0.23407,-0.11517,0.01599,0.96527,2.30078,-0.91016,2.51562,1.61914,-0.62109,-1.51953,0.08692,-0.21654,-0.48525
43,7813,3,-0.21765,-0.12408,0.00586,0.96808,2.16016,-1.03516,1.96094,1.65039,-0.56836,-1.59570,0.06734,-0.24000,-0.45042
44,9765,3,-0.20837,-0.12885,-0.00018,0.96954,1.91016,-1.18359,1.40234,1.65234,-0.46484,-1.65820,0.05511,-0.25259,-0.43040
45,10743,3,-0.19922,-0.13306,-0.00641,0.97083,1.71875,-1.25781,0.77344,1.62695,-0.33008,-1.67969,0.04204,-0.26398,-0.41037
46,9765,3,-0.19012,-0.13672,-0.01294,0.97211,0.81250,-1.17578,-0.21094,1.59961,-0.19531,-1.64844,0.02787,-0.27415,-0.39013
47,10742,3,-0.18115,-0.13971,-0.01965,0.97327,0.27344,-1.24219,-0.67969,1.57617,-0.08789,-1.60938,0.01287,-0.28283,-0.36988
48,8789,3,-0.17212,-0.14209,-0.02631,0.97443,-0.10156,-1.32031,-1.16016,1.54297,-0.01953,-1.58789,-0.00246,-0.29001,-0.34931
49,10743,3,-0.16370,-0.14386,-0.03265,0.97540,-0.81641,-1.15625,-2.05859,1.46680,0.02930,-1.56055,-0.01736,-0.29563,-0.32997
50,11718,3,-0.15491,-0.14545,-0.03943,0.97638,-1.43750,-1.15234,-2.44922,1.39844,0.04297,-1.51172,-0.03344,-0.30074,-0.30962
51,7813,3,-0.14716,-0.14667,-0.04553,0.97711,-1.90625,-1.16406,-2.68750,1.33398,0.05664,-1.44141,-0.04805,-0.30472,-0.29158
52,9765,3,-0.13922,-0.14789,-0.05182,0.97778,-2.09766,-1.21094,-2.91797,1.22852,0.07227,-1.37305,-0.06318,-0.30850,-0.27304
53,10743,3,-0.13147,-0.14893,-0.05804,0.97833,-2.47656,-0.96875,-3.53516,1.10547,0.10156,-1.29492,-0.07826,-0.31169,-0.25486
54,9765,3,-0.12488,-0.14972,-0.06354,0.97876,-2.75781,-0.91016,-3.68750,0.99219,0.14648,-1.18555,-0.09158,-0.31408,-0.23929
55,9766,3,-0.11871,-0.15021,-0.06891,0.97906,-3.15625,-0.96875,-3.82422,0.89648,0.19922,-1.04297,-0.10462,-0.31571,-0.22466
56,9766,3,-0.11316,-0.15039,-0.07373,0.97937,-3.86328,-0.82422,-3.86328,0.80664,0.20898,-0.90234,-0.11641,-0.31651,-0.21147
57,10742,3,-0.10822,-0.15027,-0.07788,0.97961,-4.05469,-0.89453,-3.92578,0.70117,0.18359,-0.75977,-0.12668,-0.31652,-0.19980
58,9765,3,-0.10376,-0.15009,-0.08148,0.97986,-4.23828,-0.92188,-3.86719,0.59570,0.14062,-0.63086,-0.13565,-0.31626,-0.18934
59,9766,3,-0.09991,-0.14990,-0.08441,0.97998,-4.46875,-0.88281,-3.80469,0.49023,0.07031,-0.51367,-0.14304,-0.31592,-0.18039
60,9766,3,-0.09692,-0.14990,-0.08673,0.98010,-4.66797,-0.94531,-3.47656,0.41016,-0.03125,-0.39258,-0.14884,-0.31588,-0.17339
61,10742,3,-0.09424,-0.15027,-0.08868,0.98016,-4.78125,-1.19141,-3.14453,0.39453,-0.14258,-0.25781,-0.15373,-0.31654,-0.16712
62,9765,3,-0.09204,-0.15100,-0.08990,0.98010,-4.82812,-1.35547,-2.76172,0.39453,-0.26562,-0.12500,-0.15691,-0.31788,-0.16207
63,9766,3,-0.09003,-0.15228,-0.09039,0.98004,-4.73828,-1.44141,-2.57031,0.41992,-0.35156,0.00000,-0.15845,-0.32022,-0.15757
64,9766,3,-0.08813,-0.15405,-0.09027,0.97998,-4.07812,-1.40234,-2.03516,0.49023,-0.35938,0.18945,-0.15863,-0.32346,-0.15345
65,10742,3,-0.08813,-0.15405,-0.09027,0.97998,-4.03125,-1.51953,-1.53125,0.56836,-0.28906,0.40039,-0.15863,-0.32346,-0.15345
66,9765,3,-0.08392,-0.15765,-0.08728,0.98004,-3.82031,-1.21094,-1.33984,0.61719,-0.26367,0.55469,-0.15344,-0.32960,-0.14528
67,9766,3,-0.08148,-0.15912,-0.08435,0.98029,-3.37500,-0.98438,-1.14062,0.63477,-0.15234,0.64453,-0.14802,-0.33175,-0.14104
68,9766,3,-0.07898,-0.16016,-0.08087,0.98059,-3.27344,-0.36328,-0.44922,0.65234,-0.11328,0.57227,-0.14153,-0.33299,-0.13692
69,10742,3,-0.07635,-0.16083,-0.07733,0.98096,-2.20312,-0.25781,-1.26172,0.60547,-0.19727,0.54883,-0.13499,-0.33350,-0.13261
70,9766,3,-0.07373,-0.16162,-0.07404,0.98132,-2.25000,0.01172,-1.11719,0.43164,-0.27930,0.48633,-0.12894,-0.33430,-0.12820
71,9765,3,-0.07178,-0.16272,-0.07111,0.98151,-1.56641,0.44531,-0.83984,0.30664,-0.38672,0.36719,-0.12341,-0.33590,-0.12505
