lineno,time,accurate,i,j,k,r,aX,aY,aZ,gX,gY,gZ,rx,ry,rz
0,1192383,3,0.01147,-0.08911,0.17932,0.97968,-1.09375,0.05078,-3.24609,-0.86719,0.10547,0.25391,0.36294,-0.17968,-0.00963
1,9766,3,0.00732,-0.08942,0.17993,0.97955,-1.34766,0.13672,-3.55078,-0.99609,0.14844,0.33984,0.36495,-0.17877,-0.01812
2,10742,3,0.00256,-0.08960,0.18097,0.97937,-1.56641,0.22266,-3.82031,-1.13867,0.20508,0.42383,0.36792,-0.17737,-0.02785
3,8789,3,-0.00299,-0.08972,0.18231,0.97913,-1.73438,0.33203,-4.04297,-1.31055,0.27148,0.49805,0.37163,-0.17551,-0.03918
4,10742,3,-0.00928,-0.08966,0.18396,0.97882,-2.02734,0.39062,-4.42578,-1.49219,0.33594,0.59180,0.37605,-0.17296,-0.05194
5,9766,3,-0.01697,-0.08942,0.18604,0.97833,-2.10156,0.46094,-4.49609,-1.67383,0.38477,0.67578,0.38156,-0.16945,-0.06748
6,10742,3,-0.02533,-0.08911,0.18835,0.97772,-2.06250,0.50781,-4.56250,-1.84961,0.42188,0.74609,0.38763,-0.16546,-0.08435
7,9766,3,-0.03467,-0.08868,0.19092,0.97699,-1.94141,0.46094,-4.50000,-1.98633,0.45508,0.81641,0.39428,-0.16074,-0.10311
8,12695,3,-0.04480,-0.08826,0.19379,0.97601,-1.60938,0.11719,-3.98828,-2.07617,0.50586,0.87695,0.40163,-0.15555,-0.12346
9,7812,3,-0.05505,-0.08771,0.19672,0.97498,-1.33203,-0.03125,-3.58203,-2.15820,0.60352,0.91211,0.40902,-0.14993,-0.14397
10,9766,3,-0.06628,-0.08679,0.20001,0.97369,-1.10938,-0.12500,-3.20703,-2.24219,0.70898,0.93750,0.41713,-0.14299,-0.16625
11,9766,3,-0.07861,-0.08545,0.20343,0.97217,-1.36719,-0.38281,-2.60156,-2.34375,0.76953,1.00391,0.42543,-0.13457,-0.19048
12,9765,3,-0.09094,-0.08380,0.20685,0.97052,-1.35938,-0.50000,-2.16797,-2.41602,0.74609,1.06445,0.43349,-0.12537,-0.21451
13,10742,3,-0.10370,-0.08209,0.21051,0.96863,-1.14844,-0.57422,-1.54688,-2.42969,0.65820,1.05469,0.44192,-0.11563,-0.23930
14,8789,3,-0.11670,-0.08069,0.21429,0.96643,-0.66406,-0.71484,-0.72656,-2.35938,0.54883,0.95508,0.45056,-0.10614,-0.26469
15,10743,3,-0.12878,-0.07977,0.21765,0.96417,0.71484,-1.49219,1.28906,-2.23047,0.38867,0.77930,0.45827,-0.09793,-0.28843
16,12695,3,-0.14124,-0.07941,0.22076,0.96179,1.78125,-1.90625,2.23828,-2.10938,0.17383,0.55664,0.46555,-0.09051,-0.31308
17,7812,3,-0.15173,-0.07996,0.22278,0.95966,2.67188,-2.09375,3.11328,-1.92578,-0.03320,0.29297,0.47072,-0.08596,-0.33425
18,9766,3,-0.16223,-0.08167,0.22406,0.95752,3.56641,-2.12891,4.21875,-1.68555,-0.24023,0.01562,0.47481,-0.08379,-0.35596
19,9766,3,-0.17065,-0.08417,0.22418,0.95581,4.94531,-2.85547,6.35938,-1.43750,-0.38672,-0.23047,0.47675,-0.08448,-0.37390
20,9765,3,-0.17780,-0.08752,0.22327,0.95441,5.56641,-3.16406,7.37109,-1.18945,-0.47656,-0.44531,0.47694,-0.08779,-0.38971
21,9766,3,-0.18341,-0.09137,0.22150,0.95337,6.01172,-3.27734,8.08594,-0.88867,-0.51758,-0.64258,0.47558,-0.09311,-0.40270
22,10742,3,-0.18750,-0.09528,0.21899,0.95282,6.90625,-3.46094,9.19531,-0.54688,-0.49414,-0.84766,0.47269,-0.09960,-0.41261
23,9766,3,-0.19006,-0.09930,0.21552,0.95264,7.13281,-3.48438,9.54297,-0.22656,-0.38867,-1.02734,0.46787,-0.10749,-0.41949
24,9765,3,-0.19098,-0.10272,0.21136,0.95306,7.17188,-3.46094,9.48047,0.03906,-0.18750,-1.15039,0.46125,-0.11532,-0.42264
25,10743,3,-0.19049,-0.10529,0.20636,0.95398,6.86328,-3.46094,9.29688,0.27734,0.07422,-1.21094,0.45237,-0.12256,-0.42241
26,9765,3,-0.18903,-0.10657,0.20081,0.95532,5.66016,-3.10547,8.51562,0.52930,0.29102,-1.26758,0.44165,-0.12804,-0.41947
27,9766,3,-0.18671,-0.10645,0.19513,0.95691,4.85156,-2.76953,7.84766,0.75781,0.43750,-1.30859,0.42992,-0.13124,-0.41408
28,9765,3,-0.18323,-0.10529,0.18896,0.95898,3.91016,-2.57422,6.92969,0.95312,0.53516,-1.33594,0.41652,-0.13308,-0.40574
29,10743,3,-0.17889,-0.10339,0.18274,0.96118,3.01562,-2.51562,6.16016,1.13086,0.55469,-1.36719,0.40259,-0.13378,-0.39537
30,11718,3,-0.17371,-0.10107,0.17639,0.96356,1.71094,-1.93359,4.42969,1.28711,0.50195,-1.41406,0.38812,-0.13391,-0.38307
31,7813,3,-0.16779,-0.09875,0.17010,0.96600,1.01562,-1.78125,3.56250,1.38867,0.41602,-1.46484,0.37370,-0.13411,-0.36934
32,9766,3,-0.16107,-0.09662,0.16357,0.96851,0.50000,-1.73047,2.81641,1.47266,0.31055,-1.50195,0.35879,-0.13486,-0.35409
33,10742,3,-0.15356,-0.09491,0.15674,0.97101,-0.35938,-1.42188,1.57422,1.54297,0.18945,-1.53320,0.34338,-0.13660,-0.33742
34,9765,3,-0.14551,-0.09363,0.14978,0.97345,-0.50391,-1.39453,0.97656,1.57227,0.09766,-1.54883,0.32781,-0.13915,-0.31981
35,9766,3,-0.13721,-0.09290,0.14294,0.97577,-0.73438,-1.29688,0.35547,1.58984,0.02539,-1.56641,0.31264,-0.14254,-0.30190
36,9766,3,-0.12885,-0.09259,0.13617,0.97791,-0.97266,-1.18359,-0.19141,1.58594,-0.04688,-1.55469,0.29770,-0.14652,-0.28401
37,10742,3,-0.12024,-0.09259,0.12933,0.97992,-1.51953,-0.78906,-1.27734,1.53516,-0.12695,-1.52148,0.28266,-0.15093,-0.26570
38,9765,3,-0.11176,-0.09296,0.12268,0.98175,-1.75000,-0.68750,-1.89062,1.43164,-0.22266,-1.48242,0.26806,-0.15573,-0.24773
39,9766,3,-0.10376,-0.09375,0.11627,0.98334,-1.88672,-0.54297,-2.46875,1.32422,-0.29102,-1.43945,0.25409,-0.16094,-0.23086
40,9766,3,-0.09601,-0.09503,0.10992,0.98474,-2.13281,-0.30859,-2.99609,1.18164,-0.27734,-1.37695,0.24034,-0.16682,-0.21457
41,10742,3,-0.08899,-0.09644,0.10382,0.98590,-2.34375,-0.34375,-3.28906,1.01562,-0.22266,-1.29297,0.22717,-0.17253,-0.19977
42,9765,3,-0.08282,-0.09772,0.09808,0.98688,-2.40625,-0.35156,-3.57422,0.87109,-0.16797,-1.21289,0.21479,-0.17756,-0.18665
43,9766,3,-0.07751,-0.09875,0.09265,0.98773,-2.48047,-0.26953,-3.74219,0.75000,-0.12891,-1.11914,0.20306,-0.18173,-0.17520
44,12695,3,-0.07288,-0.09955,0.08752,0.98846,-3.01172,-0.13281,-4.24609,0.62109,-0.11914,-0.98633,0.19199,-0.18511,-0.16506
45,7813,3,-0.06897,-0.10028,0.08295,0.98907,-3.31641,-0.06641,-4.57031,0.49414,-0.12695,-0.84961,0.18212,-0.18804,-0.15646
46,9766,3,-0.06555,-0.10101,0.07874,0.98962,-3.49609,0.08594,-4.84375,0.33203,-0.17383,-0.71680,0.17306,-0.19075,-0.14888
47,9765,3,-0.06305,-0.10193,0.07520,0.98993,-3.67188,0.18359,-5.27344,0.11914,-0.21094,-0.56836,0.16556,-0.19353,-0.14332
48,9766,3,-0.06146,-0.10303,0.07233,0.99011,-4.00781,0.38281,-5.76562,-0.11719,-0.21875,-0.40625,0.15963,-0.19640,-0.13975
49,10742,3,-0.06110,-0.10431,0.07013,0.99017,-4.03125,0.41406,-5.87891,-0.33594,-0.21094,-0.25195,0.15532,-0.19932,-0.13881
50,9766,3,-0.06195,-0.10553,0.06860,0.99011,-3.90234,0.42188,-5.91016,-0.52344,-0.20508,-0.09766,0.15260,-0.20184,-0.14046
51,9765,3,-0.06390,-0.10681,0.06775,0.98993,-3.66797,0.42969,-6.16406,-0.73047,-0.20312,0.05664,0.15149,-0.20422,-0.14448
52,9766,3,-0.06696,-0.10809,0.06750,0.98956,-3.71875,0.41406,-6.14844,-0.97266,-0.17188,0.24414,0.15187,-0.20636,-0.15087
53,10742,3,-0.07117,-0.10931,0.06799,0.98914,-3.69922,0.46094,-6.20703,-1.22266,-0.12305,0.43164,0.15398,-0.20807,-0.15976
54,9766,3,-0.07672,-0.11029,0.06927,0.98853,-3.58984,0.60938,-6.18359,-1.46289,-0.07422,0.59766,0.15796,-0.20893,-0.17151
55,9765,3,-0.08325,-0.11102,0.07117,0.98773,-3.42969,0.62891,-6.00000,-1.70117,-0.05859,0.76562,0.16335,-0.20900,-0.18534
56,10742,3,-0.09167,-0.11169,0.07391,0.98676,-3.19141,0.64844,-6.08203,-1.98438,-0.05078,0.93555,0.17085,-0.20838,-0.20319
57,9766,3,-0.10138,-0.11230,0.07733,0.98547,-3.14453,0.60547,-5.88281,-2.30859,-0.03320,1.14062,0.17998,-0.20714,-0.22378
58,9766,3,-0.11255,-0.11285,0.08142,0.98389,-3.04688,0.64062,-5.71484,-2.67773,-0.04297,1.34570,0.19074,-0.20517,-0.24749
59,9765,3,-0.12549,-0.11334,0.08630,0.98181,-2.78516,0.19922,-5.34375,-3.04688,-0.03320,1.52148,0.20343,-0.20228,-0.27496
60,10743,3,-0.14032,-0.11389,0.09186,0.97925,-2.43750,0.07422,-4.76172,-3.31836,-0.03711,1.64844,0.21783,-0.19857,-0.30643
61,9765,3,-0.15680,-0.11444,0.09796,0.97607,-2.04688,-0.10156,-4.37500,-3.50977,-0.01562,1.71484,0.23358,-0.19390,-0.34138
62,9766,3,-0.17419,-0.11499,0.10437,0.97241,-0.72656,-0.83984,-3.03125,-3.61914,0.07617,1.65234,0.25000,-0.18838,-0.37825
63,9765,3,-0.19269,-0.11523,0.11066,0.96814,0.18359,-0.64062,-2.27734,-3.61914,0.18750,1.47656,0.26613,-0.18149,-0.41728
64,10743,3,-0.21100,-0.11511,0.11609,0.96375,0.96094,-0.57422,-1.67188,-3.56445,0.30664,1.25000,0.28014,-0.17375,-0.45563
65,9765,3,-0.22937,-0.11462,0.12048,0.95905,1.27734,-0.46875,-1.04688,-3.49219,0.46484,1.04102,0.29171,-0.16534,-0.49385
66,11719,3,-0.24646,-0.11365,0.12354,0.95453,1.13281,-1.00391,0.25781,-3.32031,0.53320,0.88672,0.29994,-0.15670,-0.52909
67,7812,3,-0.26331,-0.11224,0.12567,0.94989,1.09375,-1.03125,1.04297,-2.99219,0.46680,0.74219,0.30587,-0.14759,-0.56360
68,10743,3,-0.27960,-0.11078,0.12726,0.94519,1.49609,-0.98047,1.82812,-2.60352,0.26758,0.53320,0.31040,-0.13869,-0.59696
69,9765,3,-0.29352,-0.10992,0.12836,0.94092,1.91016,-1.01953,2.32812,-2.26172,0.07422,0.27539,0.31387,-0.13189,-0.62566
70,9766,3,-0.30530,-0.11017,0.12878,0.93707,2.41016,-1.55469,3.58203,-1.90820,-0.08398,-0.02148,0.31642,-0.12818,-0.65039
71,10742,3,-0.31512,-0.11139,0.12836,0.93372,2.72266,-1.81641,4.63281,-1.42578,-0.29688,-0.33398,0.31775,-0.12746,-0.67143
72,9766,3,-0.32275,-0.11371,0.12701,0.93103,3.03906,-2.19141,5.66016,-0.82812,-0.56250,-0.65430,0.31786,-0.13010,-0.68828
73,9765,3,-0.32733,-0.11719,0.12500,0.92926,4.20703,-2.80859,7.69141,-0.12891,-0.80859,-0.96680,0.31721,-0.13638,-0.69920
74,9766,3,-0.32867,-0.12219,0.12213,0.92853,4.86328,-3.13281,8.72656,0.55664,-1.01758,-1.22656,0.31569,-0.14716,-0.70389
75,10742,3,-0.32642,-0.12811,0.11884,0.92896,5.57422,-3.36328,9.10938,0.97852,-1.02930,-1.39453,0.31352,-0.16113,-0.70133
76,9766,3,-0.32135,-0.13470,0.11499,0.93024,5.91797,-3.70703,9.04297,1.22852,-0.80469,-1.48438,0.31028,-0.17765,-0.69309
77,9765,3,-0.31451,-0.14087,0.11053,0.93225,6.98047,-3.31250,8.79688,1.56641,-0.45703,-1.61133,0.30504,-0.19433,-0.68072
78,9766,3,-0.30676,-0.14539,0.10559,0.93469,7.72656,-3.02344,9.18359,2.11133,-0.04688,-1.80469,0.29728,-0.20850,-0.66557
79,10742,3,-0.29675,-0.14825,0.09943,0.93811,8.55859,-2.89062,9.65625,2.69141,0.37500,-2.09570,0.28523,-0.22095,-0.64459
80,11719,3,-0.28406,-0.14923,0.09192,0.94269,9.23047,-2.88672,9.36328,3.11914,0.76953,-2.41016,0.26833,-0.23117,-0.61669
81,7812,3,-0.26929,-0.14844,0.08307,0.94794,8.99219,-2.66016,7.51562,3.31250,1.15234,-2.68750,0.24687,-0.23894,-0.58335
82,9766,3,-0.25262,-0.14600,0.07233,0.95374,7.89453,-2.78125,5.94141,3.25977,1.48633,-2.87695,0.21998,-0.24437,-0.54499
83,9766,3,-0.23456,-0.14191,0.05939,0.95984,6.60156,-2.71094,4.16797,3.23242,1.69922,-3.05078,0.18733,-0.24707,-0.50268
84,10742,3,-0.21765,-0.13690,0.04602,0.96527,4.64844,-1.85938,2.41016,3.15430,1.89453,-3.20508,0.15368,-0.24676,-0.46264
85,9766,3,-0.19983,-0.13074,0.03076,0.97058,3.51953,-2.21875,1.42578,2.88281,2.03711,-3.24609,0.11564,-0.24390,-0.42029
86,12695,3,-0.18329,-0.12390,0.01526,0.97510,1.88281,-2.52734,0.03516,2.42578,2.09766,-3.16992,0.07744,-0.23829,-0.38088
87,7812,3,-0.16913,-0.11694,0.00024,0.97864,-0.04688,-2.69922,-1.06250,2.04102,2.08789,-2.98828,0.04114,-0.23085,-0.34703
88,9766,3,-0.15552,-0.10883,-0.01617,0.98169,-2.67188,-1.92578,-1.80078,1.85547,1.97070,-2.79492,0.00214,-0.22048,-0.31446
89,9766,3,-0.14429,-0.10138,-0.03052,0.98383,-3.45312,-1.92969,-2.06641,1.70703,1.77344,-2.53711,-0.03149,-0.20983,-0.28793
90,9765,3,-0.13397,-0.09448,-0.04382,0.98547,-4.31641,-2.03125,-2.46484,1.55078,1.58398,-2.20703,-0.06233,-0.19929,-0.26400
91,10742,3,-0.12433,-0.08813,-0.05579,0.98676,-5.48828,-1.69922,-2.87891,1.35742,1.45117,-1.87500,-0.08990,-0.18892,-0.24215
92,11719,3,-0.11578,-0.08234,-0.06604,0.98767,-5.69922,-1.75781,-3.09375,1.12500,1.34180,-1.56250,-0.11343,-0.17888,-0.22321
93,8789,3,-0.10883,-0.07715,-0.07428,0.98828,-5.94922,-1.85938,-3.26562,0.93750,1.21289,-1.25195,-0.13230,-0.16946,-0.20810
94,8789,3,-0.10236,-0.07178,-0.08167,0.98877,-6.31641,-1.87500,-3.19531,0.86523,1.01367,-0.95508,-0.14924,-0.15934,-0.19436
95,10742,3,-0.09729,-0.06744,-0.08698,0.98914,-6.39062,-1.62500,-3.07422,0.76953,0.76953,-0.69531,-0.16147,-0.15092,-0.18385
96,9766,3,-0.09229,-0.06360,-0.09131,0.98950,-6.16016,-1.49609,-3.44922,0.58008,0.50586,-0.49414,-0.17155,-0.14320,-0.17366
97,10742,3,-0.08850,-0.06110,-0.09418,0.98975,-5.91406,-1.21484,-3.82812,0.38477,0.22461,-0.33594,-0.17823,-0.13804,-0.16601
98,8789,3,-0.08575,-0.05975,-0.09613,0.98987,-5.65234,-0.92578,-3.99609,0.27539,-0.05859,-0.20703,-0.18274,-0.13519,-0.16043
99,10743,3,-0.08405,-0.05963,-0.09723,0.98993,-4.65625,-0.46484,-3.66016,0.14258,-0.25195,-0.06641,-0.18520,-0.13481,-0.15686
100,9765,3,-0.08301,-0.06061,-0.09760,0.98993,-4.01953,-0.52734,-3.54297,-0.05273,-0.29492,0.07812,-0.18595,-0.13662,-0.15456
101,9766,3,-0.08289,-0.06207,-0.09729,0.98987,-3.58594,-0.44922,-3.46875,-0.18945,-0.31445,0.18164,-0.18516,-0.13946,-0.15411
102,9765,3,-0.08368,-0.06348,-0.09637,0.98981,-2.72656,-0.25000,-2.96094,-0.21484,-0.29688,0.26367,-0.18301,-0.14226,-0.15560
103,10743,3,-0.08490,-0.06482,-0.09509,0.98975,-2.40625,-0.41016,-2.37891,-0.19531,-0.23242,0.34180,-0.18007,-0.14496,-0.15803
104,9765,3,-0.08612,-0.06598,-0.09332,0.98969,-2.12500,-0.61719,-2.02734,-0.20117,-0.17383,0.41016,-0.17617,-0.14721,-0.16058
105,9766,3,-0.08728,-0.06677,-0.09137,0.98975,-1.90234,-0.86328,-1.82812,-0.14648,-0.18359,0.47266,-0.17194,-0.14867,-0.16308
106,10742,3,-0.08832,-0.06738,-0.08911,0.98981,-1.67969,-1.00000,-1.02344,-0.01367,-0.22852,0.55664,-0.16714,-0.14969,-0.16542
107,9766,3,-0.08899,-0.06818,-0.08624,0.98993,-1.68750,-1.04688,-0.70703,0.16992,-0.32227,0.62500,-0.16114,-0.15091,-0.16710
108,9765,3,-0.08893,-0.06940,-0.08301,0.99017,-1.66406,-0.92969,-0.40234,0.39844,-0.42773,0.67969,-0.15444,-0.15278,-0.16730
109,9766,3,-0.08789,-0.07111,-0.07947,0.99042,-1.53516,-0.98438,-0.01953,0.55664,-0.46094,0.74805,-0.14721,-0.15544,-0.16553
110,10742,3,-0.08594,-0.07318,-0.07550,0.99072,-1.75781,-0.83203,0.48047,0.56641,-0.37305,0.74023,-0.13922,-0.15865,-0.16197
111,9766,3,-0.08356,-0.07513,-0.07135,0.99109,-1.46484,-0.56641,0.63281,0.50977,0.11914,0.68750,-0.13095,-0.16156,-0.15760
112,9765,3,-0.08118,-0.07568,-0.06744,0.99152,0.02734,-0.71875,2.07812,0.46094,0.15820,0.38086,-0.12338,-0.16174,-0.15337
113,9766,3,-0.07892,-0.07501,-0.06464,0.99194,-1.13672,-0.60547,0.42578,0.25000,0.20312,0.41992,-0.11817,-0.15970,-0.14932
